12509002401|9979033|208005544|946002644|YORKSHIRE-W
12509002501|9979129|613011326|969003581|YORKSHIRE-W
12629000101|95200886|320002535|698002380|YORKSHIRE-W
12632000401|95200889|406003240|434003750|YORKSHIRE-W
12632000501|9978741|905007349|420002217|YORKSHIRE-W
12633000101|95200164|320002687|698002381|YORKSHIRE-W
12635000101|9978742|624005887|513002399|YORKSHIRE-W
12636000801|9974218|8002551|112002092|YORKSHIRE-W
12636000901|9974148|871002166|211002018|YORKSHIRE-W
12636001001|9977618|553007808|413002237|YORKSHIRE-W
12636001101|9978947|467020233|511002174|YORKSHIRE-W
12636001201|9978984|219010319|698002383|YORKSHIRE-W
08026260301|93266480|592003567|535002140|ANGLIAN-W
08026260401|93260560|838002458|303004886|ANGLIAN-W
08065006701|9977644|294004708|743002332|ANGLIAN-W
08065656801|9979112|469016405|831133618|ANGLIAN-W
08065656901|9979328|619007391|554002279|ANGLIAN-W
11301005201|9979240|928013127|684002598|ANGLIAN-W
12514000101|95200616|320002498|698002339|ANGLIAN-W
12514000201|9979382|709006935|696002632|ANGLIAN-W
12518002501|95200851|320002685|698002347|ANGLIAN-W
12518003001|9979158|435009159|549002294|ANGLIAN-W
12605002201|95200901|635002021|969002558|ANGLIAN-W
12605002401|9977646|470035865|434003745|ANGLIAN-W
12605002601|9978578|922005924|316002237|ANGLIAN-W
12605002701|9978881|940008028|535002184|ANGLIAN-W
12605002801|9978996|586006410|386002435|ANGLIAN-W
12605003001|9979162|336006836|969002557|ANGLIAN-W
12605003101|9979284|333006352|969003253|ANGLIAN-W
12605003201|9979224|130011430|664002277|ANGLIAN-W
12605003301|9979320|302011956|650427325|ANGLIAN-W
12606000101|95200141|959002010|402002006|ANGLIAN-W
12606000501|95200846|320002508|698002353|ANGLIAN-W
12606000601|95200937|320002509|698002354|ANGLIAN-W
12615001001|95200713|320002512|698002357|ANGLIAN-W
12615001002|95200714|320002512|698002357|ANGLIAN-W
12615001301|95200801|320002513|698002358|ANGLIAN-W
12615002701|95200852|320002519|698002364|ANGLIAN-W
12615002703|9974597|320002519|698002364|ANGLIAN-W
12615003101|95200879|320002521|698002366|ANGLIAN-W
12615003201|95200894|320002522|698002367|ANGLIAN-W
12615003202|9978656|320002522|698002367|ANGLIAN-W
12615003301|95200905|637010302|434003749|ANGLIAN-W
12615003701|9977590|570007122|419002084|ANGLIAN-W
12615003901|9978555|805010562|698002362|ANGLIAN-W
12615004101|9978679|413007695|943002364|ANGLIAN-W
12615004201|95200803|779007322|698002378|ANGLIAN-W
12615004401|9978856|125005278|897002777|ANGLIAN-W
12615004501|9979038|220005664|219002615|ANGLIAN-W
12615004601|9979059|573005943|536055580|ANGLIAN-W
12615004901|9979191|352003365|397002539|ANGLIAN-W
12615005001|9979182|731008011|518002497|ANGLIAN-W
12616000601|95200015|571003044|379002004|ANGLIAN-W
12616000602|9979309|571003044|379002004|ANGLIAN-W
12616002201|95200716|320002528|698002373|ANGLIAN-W
12616002601|9977893|138002272|990002080|ANGLIAN-W
12616002701|9976941|720008083|434003747|ANGLIAN-W
12616002801|9979334|540015331|428002077|ANGLIAN-W
12616002901|9979321|843009039|305002276|ANGLIAN-W
12616003001|9979448|686007132|386002573|ANGLIAN-W
12616003002|9979466|686007132|386002573|ANGLIAN-W
12620000101|95200810|320002530|698002375|ANGLIAN-W
12620000201|95200896|320002531|698002376|ANGLIAN-W
12621000101|95200683|320002532|698002377|ANGLIAN-W
12621000501|9978559|273007699|698002379|ANGLIAN-W
12616000501|95201913|592003768|535002188|ANGLIAN-W
05012022201|9979085|852009933|535002016|SOUTHSTAFF-W
05062009400|98201035|323004891|535002029|SOUTHSTAFF-W
05062031801|9979474|407006847|269002282|SOUTHSTAFF-W
05062031901|9979464|577010768|183002908|SOUTHSTAFF-W
05080002701|9979413|397012826|923002444|SOUTHSTAFF-W
05090032101|9979511|260010087|325002468|SOUTHSTAFF-W
05090032301|9979512|124019816|567002355|SOUTHSTAFF-W
05090032601|9979565|424008457|632002475|SOUTHSTAFF-W
03018004101|9979357|231018852|295002129|SOUTHSTAFF-W
03028010600|98202194|320002080|698002028|SOUTHSTAFF-W
03028021300|98213526|320002616|698002051|SOUTHSTAFF-W
03049002400|98211600|406003249|434003678|SOUTHSTAFF-W
03049002500|98210700|824002023|373002015|SOUTHSTAFF-W
03064005600|98201234|320002619|698002068|SOUTHSTAFF-W
03064026001|9974469|319004097|230002156|SOUTHSTAFF-W
03064027301|9978086|540010501|575002163|SOUTHSTAFF-W
03064028001|9978718|652004595|539002433|SOUTHSTAFF-W
03800005801|9973429|681002234|698002080|SOUTHSTAFF-W
03807050401|9978652|362008716|318002324|SOUTHSTAFF-W
05012020401|9975092|800002372|254002091|SOUTHSTAFF-W
05032005000|9972432|440002012|632002013|SOUTHSTAFF-W
05032005700|98202257|592003671|535002022|SOUTHSTAFF-W
05032006000|98202688|592003672|535002023|SOUTHSTAFF-W
05032006700|98202866|529002010|529002016|SOUTHSTAFF-W
05032008001|9975675|326004413|726002148|SOUTHSTAFF-W
05032008101|9975621|305003108|446002141|SOUTHSTAFF-W
05032021701|9978104|618005405|245002080|SOUTHSTAFF-W
05032022301|9979215|898013455|596002331|SOUTHSTAFF-W
05062023501|9972546|282002011|535002012|SOUTHSTAFF-W
05062023502|9972547|282002011|535002012|SOUTHSTAFF-W
05062024101|9974212|20002064|59002022|SOUTHSTAFF-W
05062024301|9974383|367002561|339002028|SOUTHSTAFF-W
05062025501|9975332|594003121|456002137|SOUTHSTAFF-W
05062026401|9976651|383005420|968002342|SOUTHSTAFF-W
05062028201|9978014|719018903|794002357|SOUTHSTAFF-W
05062029401|9978574|720011505|248002439|SOUTHSTAFF-W
05062029701|9978784|123008967|160002492|SOUTHSTAFF-W
05062030001|9978769|467018500|802002549|SOUTHSTAFF-W
05062030002|9978770|467018500|802002549|SOUTHSTAFF-W
05062031001|9979128|520008662|319002402|SOUTHSTAFF-W
05062031101|9979145|707012907|889002327|SOUTHSTAFF-W
05062031201|9979195|384009566|434003707|SOUTHSTAFF-W
05062031301|9979360|171012860|789002642|SOUTHSTAFF-W
05075001600|98202590|320002643|698002205|SOUTHSTAFF-W
05076009601|9977628|577006470|916002168|SOUTHSTAFF-W
05080001400|98202221|592003676|535002055|SOUTHSTAFF-W
05080002300|98203317|320002646|698002225|SOUTHSTAFF-W
05080002501|9978241|214007518|123002322|SOUTHSTAFF-W
05090027901|9977786|441004847|938002124|SOUTHSTAFF-W
05193057800|98202783|894002004|360002011|SOUTHSTAFF-W
05920003800|98202392|592003696|535002095|SOUTHSTAFF-W
05920006600|98202951|320002656|698002260|SOUTHSTAFF-W
05920009801|9977329|393004434|535002096|SOUTHSTAFF-W
05921002501|9978871|919008455|798002427|SOUTHSTAFF-W
14304000101|9978051|372006271|348002350|SOUTHSTAFF-W
14401016201|9976220|818004340|627002167|SOUTHSTAFF-W
14401017301|9979117|624006483|666002712|SOUTHSTAFF-W
03049003101|9973836|939002100|434003679|SOUTHSTAFF-W
05062015700|98202970|406003188|434003706|SOUTHSTAFF-W
05062023801|9972415|470003997|180002021|SOUTHSTAFF-W
05062027801|9977955|744006570|790002329|SOUTHSTAFF-W
05062027901|9977974|810006642|348002335|SOUTHSTAFF-W
05062029901|9978843|989010232|698002846|SOUTHSTAFF-W
05062020400|98203348|592003451|535002038|SOUTHSTAFF-W
05062008700|98201030|320002199|698002166|SOUTHSTAFF-W
03064028801|9978893|323008954|761002203|SOUTHSTAFF-W
03028004600|9974393|320002077|698002024|SOUTHSTAFF-W
05065008500|98203270|777002057|596002340|SOUTHSTAFF-W
05065005500|98201848|777002053|596002335|SOUTHSTAFF-W
03064029001|9978989|136013789|366002112|SOUTHSTAFF-W
03064024101|9972414|320002622|698002077|SOUTHSTAFF-W
05062030801|9978550|467019865|783002166|SOUTHSTAFF-W
05026000300|98201244|320002176|698002139|SOUTHSTAFF-W
03028019600|98213300|769002017|790002011|SOUTHSTAFF-W
03807050501|9978691|312007765|541002540|SOUTHSTAFF-W
03028011700|98202514|406003157|434003675|SOUTHSTAFF-W
03028165000|98212340|320002099|698002052|SOUTHSTAFF-W
03064001900|98201202|231004247|698002064|SOUTHSTAFF-W
03028020700|98201973|486004119|599003144|SOUTHSTAFF-W
03807004901|9977019|406003166|434003684|SOUTHSTAFF-W
03807004902|9978939|406003166|434003684|SOUTHSTAFF-W
15264001001|9979168|151015022|596002396|SOUTHSTAFF-W
14427000601|97250006|777002207|596002391|SOUTHSTAFF-W
05800005801|9977005|919004994|698002238|SOUTHSTAFF-W
03064025401|9974025|881002374|562002078|SOUTHSTAFF-W
05920009101|9976270|939003277|770002005|SOUTHSTAFF-W
14401015401|9972092|641003367|720002184|SOUTHSTAFF-W
03064010800|98212470|406003162|434003680|SOUTHSTAFF-W
03064010801|9978747|406003162|434003680|SOUTHSTAFF-W
05012000400|98200612|320002148|698002108|SOUTHSTAFF-W
14421002301|97248022|320002573|698002406|SOUTHSTAFF-W
05192068001|9978973|928011044|688002349|SOUTHSTAFF-W
05090003600|98202040|592003679|535002059|SOUTHSTAFF-W
05090011300|98202101|777002060|596002345|SOUTHSTAFF-W
05012021801|9977803|517004012|961002250|SOUTHSTAFF-W
05920007500|98203202|320002319|698002264|SOUTHSTAFF-W
03807050301|9978041|940006282|571002259|SOUTHSTAFF-W
05032022401|9979212|476007763|109002470|SOUTHSTAFF-W
05062029801|9978807|525005864|217002423|SOUTHSTAFF-W
05291062600|98202876|406003208|434003728|SOUTHSTAFF-W
05012012400|98200711|320002161|698002122|SOUTHSTAFF-W
05194066501|9973552|637009976|702002048|SOUTHSTAFF-W
05065004500|98201101|320002224|698002198|SOUTHSTAFF-W
05062011700|98201055|406003187|434003705|SOUTHSTAFF-W
05194064600|98203293|406003207|434003727|SOUTHSTAFF-W
03064024001|9972116|320002119|698002076|SOUTHSTAFF-W
03064028601|9978903|794009342|698002079|SOUTHSTAFF-W
05009004400|98202296|527002020|984002003|SOUTHSTAFF-W
05012013700|98202209|320002165|698002126|SOUTHSTAFF-W
05009004700|98202787|692005738|698002102|SOUTHSTAFF-W
05062028101|9978009|946009224|434003715|SOUTHSTAFF-W
03028012200|98210001|406003158|434003676|SOUTHSTAFF-W
05062031701|9979451|362011151|844002667|SOUTHSTAFF-W
05076003300|98200758|406003200|434003718|SOUTHSTAFF-W
05062029001|9978397|958006259|386002338|SOUTHSTAFF-W
05009002700|98201174|430002007|820002002|SOUTHSTAFF-W
05009002701|9979272|430002007|820002002|SOUTHSTAFF-W
03028001700|98200796|320002609|698002020|SOUTHSTAFF-W
05920009701|9977582|320002309|698002252|SOUTHSTAFF-W
05012016600|98201938|777002042|596002324|SOUTHSTAFF-W
05012017400|98201943|731002023|602002008|SOUTHSTAFF-W
05920009601|9977561|804024250|502002255|SOUTHSTAFF-W
05032002800|98200895|777002045|596002327|SOUTHSTAFF-W
05920051801|9979373|832006584|535002097|SOUTHSTAFF-W
05032008201|9977808|515005238|581003320|SOUTHSTAFF-W
05032000900|98200862|320002179|698002142|SOUTHSTAFF-W
05032004700|98200909|777002046|596002328|SOUTHSTAFF-W
05032021901|9978270|771005192|445002092|SOUTHSTAFF-W
05032007200|98203153|320002184|698002148|SOUTHSTAFF-W
05920004500|98202388|406003213|434003733|SOUTHSTAFF-W
05032022201|9979134|212006224|966002442|SOUTHSTAFF-W
14427003201|9976073|534003541|237002003|SOUTHSTAFF-W
05076004000|98200764|406003201|434003719|SOUTHSTAFF-W
05076007300|98202738|592003464|535002052|SOUTHSTAFF-W
03049002100|98210290|406003159|434003677|SOUTHSTAFF-W
03049001700|98202617|960004233|698002054|SOUTHSTAFF-W
14401001501|97241015|731002152|602002048|SOUTHSTAFF-W
14401011301|97241113|731002154|602002050|SOUTHSTAFF-W
14427000501|97250005|320002581|698002408|SOUTHSTAFF-W
14427001001|97250010|320002581|698002408|SOUTHSTAFF-W
14401001701|97241017|401005054|698002391|SOUTHSTAFF-W
14401012001|97241120|603002013|824002018|SOUTHSTAFF-W
14405000201|9978557|754011419|308002220|SOUTHSTAFF-W
14401003301|97241033|641002280|270002017|SOUTHSTAFF-W
14401013101|97241131|641002283|270002020|SOUTHSTAFF-W
14401007201|97241072|320002565|698002395|SOUTHSTAFF-W
05914000100|98202393|777002095|596002357|SOUTHSTAFF-W
14427001101|97250026|363002012|329002007|SOUTHSTAFF-W
14427001102|97250034|363002012|329002007|SOUTHSTAFF-W
14427001301|97250027|363002012|329002007|SOUTHSTAFF-W
14427002901|96220350|363002012|329002007|SOUTHSTAFF-W
05062018700|98203255|406003191|434003709|SOUTHSTAFF-W
05062028301|9978042|272006835|698002176|SOUTHSTAFF-W
05062019500|98203288|320002216|698002188|SOUTHSTAFF-W
05062014600|98202874|320002205|698002173|SOUTHSTAFF-W
05062014601|98203183|320002205|698002173|SOUTHSTAFF-W
05062027101|9977559|350004892|546002130|SOUTHSTAFF-W
05009005801|9974847|704004052|962002143|SOUTHSTAFF-W
03028021601|9974566|53002242|790002012|SOUTHSTAFF-W
05009005700|9972425|406003172|434003690|SOUTHSTAFF-W
05062029501|9978811|523014235|443002466|SOUTHSTAFF-W
05062030301|9978922|892007703|994002326|SOUTHSTAFF-W
05062030302|9978923|892007703|994002326|SOUTHSTAFF-W
05065023900|98201994|777002220|596002341|SOUTHSTAFF-W
05062030101|9978890|842007230|643002400|SOUTHSTAFF-W
05065005300|98201108|777002052|596002334|SOUTHSTAFF-W
05065007400|98202778|777002054|596002337|SOUTHSTAFF-W
03028019900|98201967|320002096|698002047|SOUTHSTAFF-W
03064001901|98212520|231004247|698002064|SOUTHSTAFF-W
03064000500|98201190|320002106|698002061|SOUTHSTAFF-W
05065004600|98201102|592003457|535002045|SOUTHSTAFF-W
03064029601|9979395|803015660|535002100|SOUTHSTAFF-W
03064013500|9972121|320002118|698002075|SOUTHSTAFF-W
03028002100|98200799|320002075|698002022|SOUTHSTAFF-W
05920010101|9977778|392003197|434003731|SOUTHSTAFF-W
05065000300|98201058|585002003|902002004|SOUTHSTAFF-W
05065000301|98201059|585002003|902002004|SOUTHSTAFF-W
05065000303|98202795|585002003|902002004|SOUTHSTAFF-W
05065000304|98203001|585002003|902002004|SOUTHSTAFF-W
05920008000|9972210|320002324|698002269|SOUTHSTAFF-W
05920006500|98202950|320002315|698002259|SOUTHSTAFF-W
05920051601|9979310|354010554|336002330|SOUTHSTAFF-W
05920051201|98202752|615004447|434003734|SOUTHSTAFF-W
05920050100|98202424|320002325|698002270|SOUTHSTAFF-W
05923000301|98203155|320002331|698002278|SOUTHSTAFF-W
03807002300|98202550|320002126|698002084|SOUTHSTAFF-W
03807005101|9978015|299007670|683002419|SOUTHSTAFF-W
14401016501|9977903|320002563|698002393|SOUTHSTAFF-W
03064008700|98210260|320002620|698002070|SOUTHSTAFF-W
05921002000|98202962|320002329|698002275|SOUTHSTAFF-W
05921002301|9975385|668003611|698002273|SOUTHSTAFF-W
05921002302|9975387|668003611|698002273|SOUTHSTAFF-W
05012021301|9976998|632005114|854002177|SOUTHSTAFF-W
05012021302|9976999|632005114|854002177|SOUTHSTAFF-W
05062026001|9976266|424008215|698002170|SOUTHSTAFF-W
03018004301|9979375|463012844|279002411|SOUTHSTAFF-W
03807002600|98202631|320002129|698002087|SOUTHSTAFF-W
03807050200|98202341|476005210|698002094|SOUTHSTAFF-W
05920003000|98202373|435002005|383002011|SOUTHSTAFF-W
05920003002|9978713|435002005|383002011|SOUTHSTAFF-W
05921002201|9974815|881002501|201002206|SOUTHSTAFF-W
05062001402|98200970|320002189|698002154|SOUTHSTAFF-W
05921002401|9978418|280009319|378002318|SOUTHSTAFF-W
05292014500|98201629|320002283|698002236|SOUTHSTAFF-W
05800005901|9978924|659012527|737002016|SOUTHSTAFF-W
05921002601|9978905|575006843|737002016|SOUTHSTAFF-W
14401012801|96216200|550002008|277002004|SOUTHSTAFF-W
03807002700|98210090|320002130|698002088|SOUTHSTAFF-W
03807050601|9978863|151014340|897002810|SOUTHSTAFF-W
05012019200|98203320|320002172|698002135|SOUTHSTAFF-W
05062017600|98203195|592003445|535002032|SOUTHSTAFF-W
05076007800|98202878|320002238|698002217|SOUTHSTAFF-W
05076000100|98200726|320002229|698002207|SOUTHSTAFF-W
05076000400|98200731|320002230|698002208|SOUTHSTAFF-W
05076003800|98200762|320002233|698002211|SOUTHSTAFF-W
05076003801|98203263|320002233|698002211|SOUTHSTAFF-W
03049021800|98201978|320002103|698002056|SOUTHSTAFF-W
05062024801|9974676|755013888|992002048|SOUTHSTAFF-W
03807050801|9979257|273009150|884002531|SOUTHSTAFF-W
05062030401|9978958|750005882|163002090|SOUTHSTAFF-W
05062004800|98200999|320002193|698002159|SOUTHSTAFF-W
05062025901|9976208|986003368|698002172|SOUTHSTAFF-W
05062031601|9979462|562012191|319002722|SOUTHSTAFF-W
05062026701|9976930|263005411|888002182|SOUTHSTAFF-W
05291067300|98203224|406003209|434003729|SOUTHSTAFF-W
05291068301|9975660|312003732|652002034|SOUTHSTAFF-W
05065024101|9979229|891011067|468002677|SOUTHSTAFF-W
05012017300|98201942|731002022|602002007|SOUTHSTAFF-W
05012022301|9979205|801010716|332002421|SOUTHSTAFF-W
05080002200|98203309|592003678|535002058|SOUTHSTAFF-W
05012008100|98200678|406003177|434003695|SOUTHSTAFF-W
05062006600|98201018|434004943|698002163|SOUTHSTAFF-W
05062006601|98202867|434004943|698002163|SOUTHSTAFF-W
05012017600|98201945|320002168|698002130|SOUTHSTAFF-W
05012018200|98202972|320002171|698002133|SOUTHSTAFF-W
05012017200|98201941|731002021|602002006|SOUTHSTAFF-W
05062007100|98201020|230002010|433002014|SOUTHSTAFF-W
05062007101|98203384|230002010|433002014|SOUTHSTAFF-W
05012004900|98200651|320002153|698002114|SOUTHSTAFF-W
05062013600|98202573|592003443|535002030|SOUTHSTAFF-W
05012018900|98203186|406003183|434003701|SOUTHSTAFF-W
05012004600|98200649|320002151|698002112|SOUTHSTAFF-W
05062005602|98201010|320002195|698002162|SOUTHSTAFF-W
05062000900|98200966|320002187|698002152|SOUTHSTAFF-W
03049022001|9979304|676006593|344002582|SOUTHSTAFF-W
03064030001|9979506|180011044|234002294|SOUTHSTAFF-W
14401013201|96202304|592003769|535002194|SOUTHSTAFF-W
14401016601|9978045|568003699|129002474|SOUTHSTAFF-W
05090032401|9979520|912005909|965002790|SOUTHSTAFF-W
14401006301|97241063|731002153|602002049|SOUTHSTAFF-W
14401006401|97241064|755003318|698002394|SOUTHSTAFF-W
03028020900|98213514|487006409|535002009|SOUTHSTAFF-W
05062018500|98203244|592003448|535002035|SOUTHSTAFF-W
05012006200|98200664|406003176|434003694|SOUTHSTAFF-W
05062016400|98203076|320002210|698002178|SOUTHSTAFF-W
05062025801|9976145|972003642|625002170|SOUTHSTAFF-W
05062007800|98201026|320002198|698002165|SOUTHSTAFF-W
03028020500|98201971|249002014|876002008|SOUTHSTAFF-W
05065008400|98203162|966004764|698002202|SOUTHSTAFF-W
05065008401|98203163|966004764|698002202|SOUTHSTAFF-W
05076008800|98203314|406003202|434003720|SOUTHSTAFF-W
05062020000|98203318|592003450|535002037|SOUTHSTAFF-W
05065006100|98202595|777002219|596002336|SOUTHSTAFF-W
05065004701|98203125|320002225|698002199|SOUTHSTAFF-W
05062030901|9979060|382007643|991002487|SOUTHSTAFF-W
05090028601|9978416|946010727|434003696|SOUTHSTAFF-W
05925000701|9978806|966009136|407002201|SOUTHSTAFF-W
03064005500|98201233|320002113|698002067|SOUTHSTAFF-W
03064000700|98201192|795006395|698002062|SOUTHSTAFF-W
05080000800|98201272|592003466|535002054|SOUTHSTAFF-W
05012014400|98202308|406003180|434003698|SOUTHSTAFF-W
05090003700|98202041|592003468|535002060|SOUTHSTAFF-W
05090009000|98202082|592003469|535002061|SOUTHSTAFF-W
05065007800|98202944|777002055|596002338|SOUTHSTAFF-W
05075002200|98202948|777002058|596002343|SOUTHSTAFF-W
05920050601|9978067|177005503|373002398|SOUTHSTAFF-W
05920005600|98202599|320002313|698002256|SOUTHSTAFF-W
05920050200|98202425|551005771|698002271|SOUTHSTAFF-W
05062028901|9978161|571006841|677002074|SOUTHSTAFF-W
14401002501|97241025|320002562|698002392|SOUTHSTAFF-W
05062028401|9978035|962006164|528002233|SOUTHSTAFF-W
05032008301|9978004|523012425|456002283|SOUTHSTAFF-W
14421000601|97248006|731002155|602002052|SOUTHSTAFF-W
05032007300|98203170|777002048|596002330|SOUTHSTAFF-W
14401015201|96202307|320002567|698002398|SOUTHSTAFF-W
14421002801|9978654|929006959|621002033|SOUTHSTAFF-W
05912002400|98202708|320002301|698002246|SOUTHSTAFF-W
05012021701|9977583|633007093|434003691|SOUTHSTAFF-W
14401004301|97241043|458002004|635002011|SOUTHSTAFF-W
05012005800|98200660|926002010|437002009|SOUTHSTAFF-W
05912050100|98202422|320002302|698002247|SOUTHSTAFF-W
14401003801|97241038|898002007|529002017|SOUTHSTAFF-W
14427001901|97250019|608002017|438002019|SOUTHSTAFF-W
14427002600|96220322|897004903|602002054|SOUTHSTAFF-W
14427003101|96202306|592003631|535002196|SOUTHSTAFF-W
14427002001|97250020|966003779|535002195|SOUTHSTAFF-W
05012008900|98200685|320002159|698002120|SOUTHSTAFF-W
14401016801|9977971|296005732|311002209|SOUTHSTAFF-W
05080000501|98201270|320002245|698002224|SOUTHSTAFF-W
05062019200|98203268|406003193|434003711|SOUTHSTAFF-W
05062030201|9978930|708014510|610002825|SOUTHSTAFF-W
05062016800|98203098|320002211|698002179|SOUTHSTAFF-W
05032021601|9978077|228003201|731002194|SOUTHSTAFF-W
05800002900|98800046|592003512|535002089|SOUTHSTAFF-W
05062027201|9977657|692009092|988002028|SOUTHSTAFF-W
05012011500|98200704|406003179|434003697|SOUTHSTAFF-W
05062026101|9976269|469006432|487002238|SOUTHSTAFF-W
03807050701|9979307|275008459|415002714|SOUTHSTAFF-W
05192066901|98203328|502006492|698002265|SOUTHSTAFF-W
05062020100|98203324|406003194|434003712|SOUTHSTAFF-W
05012000300|98200611|324002011|804002088|SOUTHSTAFF-W
05062019600|98203291|592003449|535002036|SOUTHSTAFF-W
05032004900|98200911|777002047|596002329|SOUTHSTAFF-W
03028021200|98213520|320002098|698002050|SOUTHSTAFF-W
03049021901|9977334|850003937|164002068|SOUTHSTAFF-W
03018003301|9977100|320002070|698002016|SOUTHSTAFF-W
05012008600|98200682|777002041|596002323|SOUTHSTAFF-W
05012020901|9976329|424003658|384002177|SOUTHSTAFF-W
03051024301|9976370|229005319|438002133|SOUTHSTAFF-W
03064029201|9979077|653008589|286002086|SOUTHSTAFF-W
03018004201|9979374|909010694|781002557|SOUTHSTAFF-W
03064026801|9976248|803005526|529002192|SOUTHSTAFF-W
03064026901|9976371|176003373|471002073|SOUTHSTAFF-W
05012019500|98203350|731002024|602002009|SOUTHSTAFF-W
05012019400|98203341|320002174|698002137|SOUTHSTAFF-W
05062020900|98203376|592003453|535002040|SOUTHSTAFF-W
14401015301|96202311|320002568|698002399|SOUTHSTAFF-W
05012022101|9978643|186003162|685002198|SOUTHSTAFF-W
05062023201|98203387|406003195|434003713|SOUTHSTAFF-W
05062023202|9978828|406003195|434003713|SOUTHSTAFF-W
05076009100|98203352|592003465|535002053|SOUTHSTAFF-W
05920009301|9976692|737006286|118002198|SOUTHSTAFF-W
05062028601|9978099|525004665|212002144|SOUTHSTAFF-W
05076009501|9977658|429005129|207002171|SOUTHSTAFF-W
05912050300|98203360|592003514|535002092|SOUTHSTAFF-W
03807001700|98202336|344009559|487002436|SOUTHSTAFF-W
14432000501|9977887|468009353|535002198|SOUTHSTAFF-W
03079027201|9979475|727002672|912002059|SOUTHSTAFF-W
05923000901|9978447|893012192|375002451|SOUTHSTAFF-W
14404000501|9972079|940002014|804002112|SOUTHSTAFF-W
03064025001|9973497|317002029|958002013|SOUTHSTAFF-W
03807004501|9973359|156002037|252002009|SOUTHSTAFF-W
14401008301|97241083|446007467|899002017|SOUTHSTAFF-W
14401008302|9973584|446007467|899002017|SOUTHSTAFF-W
14401008401|97241084|446007467|899002017|SOUTHSTAFF-W
14401009101|97241091|446007467|899002017|SOUTHSTAFF-W
14401009201|97241092|446007467|899002017|SOUTHSTAFF-W
14401009301|97241093|446007467|899002017|SOUTHSTAFF-W
14401009401|97241094|446007467|899002017|SOUTHSTAFF-W
14401017401|9979367|312009238|648002018|SOUTHSTAFF-W
14999000301|96220374|170002044|421002031|SOUTHSTAFF-W
03800005901|9977598|406003165|434003683|SOUTHSTAFF-W
05062026202|9978680|653004099|469002324|SOUTHSTAFF-W
05062023401|9973218|42002071|874002011|SOUTHSTAFF-W
05090027801|9977785|703077582|462002314|SOUTHSTAFF-W
05062000800|98200962|453002006|792002008|SOUTHSTAFF-W
05062000801|98200963|453002006|792002008|SOUTHSTAFF-W
05062000802|98200964|453002006|792002008|SOUTHSTAFF-W
05062013500|98202556|453002006|792002008|SOUTHSTAFF-W
05062013502|98202558|453002006|792002008|SOUTHSTAFF-W
05062013503|98203159|453002006|792002008|SOUTHSTAFF-W
05012002900|98200635|446006602|865002013|SOUTHSTAFF-W
05076009301|9974263|761002348|554002052|SOUTHSTAFF-W
14404000601|9978877|694006965|719003425|SOUTHSTAFF-W
14401015901|9974773|424004677|614002045|SOUTHSTAFF-W
05062024901|9974722|253002654|937002067|SOUTHSTAFF-W
05191059301|9973231|685002859|583131095|SOUTHSTAFF-W
05920051301|9979192|827014884|523002455|SOUTHSTAFF-W
14427003401|9979263|648013127|378002461|SOUTHSTAFF-W
14427003402|9979485|648013127|378002461|SOUTHSTAFF-W
03018003701|9978513|887005542|872002032|SOUTHSTAFF-W
05065000900|98201065|786002507|856002013|SOUTHSTAFF-W
05065000903|98201068|786002507|856002013|SOUTHSTAFF-W
05912050501|9978914|891010260|826002388|SOUTHSTAFF-W
05062025401|9975521|670003066|865002104|SOUTHSTAFF-W
14401017501||505009767|785002206|SOUTHSTAFF-W
14401016001|9976233|981003361|608002221|SOUTHSTAFF-W
05062028501|9978034|694005718|891002398|SOUTHSTAFF-W
05920050401|9978030|666009345|444002220|SOUTHSTAFF-W
14427003301|9976889|829003116|794002269|SOUTHSTAFF-W
14427003302|9976890|829003116|794002269|SOUTHSTAFF-W
03018002200|98211580|320002071|698002017|SOUTHSTAFF-W
05062028701|9978137|518008100|530002283|SOUTHSTAFF-W
05062026801|9977013|337004704|470003578|SOUTHSTAFF-W
05012021601|9977404|962005206|573002110|SOUTHSTAFF-W
05012021602|9977405|962005206|573002110|SOUTHSTAFF-W
03018003801|9978438|692012425|237002115|SOUTHSTAFF-W
05062030501|9978959|299009966|659002584|SOUTHSTAFF-W
05012020301|9974264|881002432|254002074|SOUTHSTAFF-W
03064029501|9979237|682003989|641002399|SOUTHSTAFF-W
05012013500|98202132|320002164|698002125|SOUTHSTAFF-W
14401015602|9977277|708002010|958002009|SOUTHSTAFF-W
03064029101|9978983|683011934|543002284|SOUTHSTAFF-W
03064027201|9977613|629004671|698002046|SOUTHSTAFF-W
03064028301|9978888|938005142|360002319|SOUTHSTAFF-W
03028013100|98210370|769002016|790002010|SOUTHSTAFF-W
03064029801|9979438|777006645|154002269|SOUTHSTAFF-W
03807005001|9977374|320002133|698002091|SOUTHSTAFF-W
03028014800|98211650|320002088|698002039|SOUTHSTAFF-W
03028010900|98202266|320002081|698002029|SOUTHSTAFF-W
14401017201|9978873|166010151|865002249|SOUTHSTAFF-W
03064009700|98211390|320002115|698002071|SOUTHSTAFF-W
03064002400|98201206|320002110|698002065|SOUTHSTAFF-W
03064002402|98202529|320002110|698002065|SOUTHSTAFF-W
03064023901|98213534|320002110|698002065|SOUTHSTAFF-W
03064029701|9979417|542002522|662002342|SOUTHSTAFF-W
05026000400|98201245|592003436|535002019|SOUTHSTAFF-W
14442000201|9978613|320002583|698002411|SOUTHSTAFF-W
05062018201|9974048|406003190|434003708|SOUTHSTAFF-W
03064024801|9973173|222002016|500002010|SOUTHSTAFF-W
05914000400|98202396|320002303|698002248|SOUTHSTAFF-W
14401004501|97241045|406003241|434003752|SOUTHSTAFF-W
03064025301|9974228|171002972|47002027|SOUTHSTAFF-W
05920009501|9977139|737007561|967002312|SOUTHSTAFF-W
05920007800|98203358|320002322|698002267|SOUTHSTAFF-W
05920003200|98202375|320002307|698002250|SOUTHSTAFF-W
05912050401|9978685|581029756|895002365|SOUTHSTAFF-W
05920009401|9977036|219006069|450002272|SOUTHSTAFF-W
05920007400|98203158|506002022|844002019|SOUTHSTAFF-W
05062017900|98203216|803002020|669002011|SOUTHSTAFF-W
14401016701|9978049|142003391|336002190|SOUTHSTAFF-W
03807001100|98202327|406003167|434003685|SOUTHSTAFF-W
03049002901|9973295|520002010|518002024|SOUTHSTAFF-W
05062017200|98203117|320002637|698002182|SOUTHSTAFF-W
05075002500|9974458|137002474|698002206|SOUTHSTAFF-W
05921000400|98202432|320002657|698002272|SOUTHSTAFF-W
01211000101|9978948|946012001|959002236|DWRCYMRU-W
02424005001|91205010|320002059|698002009|DWRCYMRU-W
02424034201|91234210|578002007|423002008|DWRCYMRU-W
02424034202|91234220|578002007|423002008|DWRCYMRU-W
02427012801|91212810|320002603|698002011|DWRCYMRU-W
06133301101|92234011|320002336|698002282|DWRCYMRU-W
06133301701|92234017|134009624|698002283|DWRCYMRU-W
06133308001|92234080|962004199|698002285|DWRCYMRU-W
06133314301|9978926|802011781|798002433|DWRCYMRU-W
06133314401|9979001|318008224|698002287|DWRCYMRU-W
06133314501|9979227|337008180|834002503|DWRCYMRU-W
12504000301|95200101|320002680|698002328|YORKSHIRE-W
12507000701|95200841|320002490|698002330|YORKSHIRE-W
12507001101|9977756|644006231|940002220|YORKSHIRE-W
12508000301|95200107|692016919|361002008|YORKSHIRE-W
12509000401|95200111|406003234|434003744|YORKSHIRE-W
12509001101|95200876|320002495|698002335|YORKSHIRE-W
12509001401|95200916|574006667|170002268|YORKSHIRE-W
12509001601|9974412|818002417|574002056|YORKSHIRE-W
12509001901|9976540|969005936|433002230|YORKSHIRE-W
12509002101|9977784|897010582|804003704|YORKSHIRE-W
12509002301|9978760|135011500|698002332|YORKSHIRE-W