14KC138652|831241469||||0|1
6085285|834002170||||0|1
9078697|249002308||||0|1
9242208|434002056||||0|1
14JB061072|583079993||||0|1
14BU077093|831036998||||0|1
14JB035710|831037797||||0|1
7020242|124002464||||0|1
14JB010699|541002651||||0|1
11XF146842|434003374||||0|1
15XF023231í|719002438||||0|1
6804762|799002028||||0|1
12002136|109002032||||0|1
14KD030319|831141803||||0|1
12KD124055|152021413||||0|1
6412070609|406004783||||0|1
15KE023906|225002543||||0|1
12KC018918|123002350||||0|1
95016171 1|406002196||||0|1
97386416|406002190||||0|1
12KC122600|303002315||||0|1
13XF027240|303002309||||0|1
11JB029719|961002280||||0|1
14KE023907|583079832||||0|1
3087907|152032278||||0|1
14KD111666|908064919||||0|1
96002332|583036393||||0|1
13XF109668|225002370||||0|1
14KD095154|831242485||||0|1
14KD161292|853002225||||0|1
15JC035995|152025644||||0|1
1810412|831187639||||0|1
10LU053183|547110113||||0|1
12JB004108|303003145||||0|1
15BU025285|406003185||||0|1
15bu019334|406003256||||0|1
15BU025237|406003191||||0|1
11088848|547002047||||0|1
15BU038901|858002181||||0|1
13BU061409|152017216||||0|1
11KE091153|583121216||||0|1
97001558|225002368||||0|1
11XF146842|434003374||||0|1
14XF148497|406003391||||0|1
9175591|303002372||||0|1
11024647|303002132||||0|1
90010923|303003844||||0|1
15KD034440|303004847||||0|1
15JC027260|406004676||||0|1
96002191|406003457||||0|1
14KE091975|406003462||||0|1
14KD095420|303003007||||0|1
15KE023878|303004841||||0|1
99814056|225002714||||0|1
93000516 A|633002011||||0|1
91213833|406004576||||0|1
8021935|406004556||||0|1
14BU044349|601026411||||0|1
9047896|599002196||||0|1
105802|599002691||||0|1
14XF008569|678002218||||0|1
14KE120979|698002671||||0|1
10054073|599002174||||0|1
14KD095400|470003039||||0|1
7020239|664002111||||0|1
13KE078192|597002121||||0|1
14KC028885|156002138||||0|1
7003944|148116443||||0|1
11XG126127|999002004||||0|1
6184804|596002066||||0|1
13KD066315|100002205||||0|1
15JC002088|181002003||||0|1
13KE058277|596002127||||0|1
15X1049438|933002004||||0|1
6411069952|881002478||||0|1
14KC138148|406003561||||0|1
09KE253987|406004670||||0|1
97001558|225002368||||0|1
97541052|881003065||||0|1
10046349|583128545||||0|1
14JD096963|831046647||||0|1
15X1049438|933002004||||0|1
97385997 B|599002795||||0|1
92002070|599002198||||0|1
95014387|599002794||||0|1
970006671 B|599002671||||0|1
11004839|599002192||||0|1
09QA01115|599002749||||0|1
13XF027228|599002193||||0|1
11151888|599002142||||0|1
11059390A|599002143||||0|1
91024292|599002157||||0|1
1784715|599002621||||0|1
4588|737002018||||0|1
15JB032531|881003213||||0|1
13KE058261|607002490||||0|1
10057051|599002144||||0|1
4073823|151002066||||0|1
105802|599002691||||0|1
14XF031207|936002053||||0|1
04005272A|892002027||||0|1
15BU012710|744002009||||0|1
93001455|535002280||||0|1
99806487|406003808||||0|1
15XF035910|225002587||||0|1
9175591|303002372||||0|1
1456|510075635|41005|1|0
4478|434002763|44248|1|0
16761|434002153|43260|1|0
30447|434003276|43149|1|0
48687|434002608|48016|1|0
51458|434002621|48035|1|0
52246|601045017|44153|1|0
52255|198045485|44163|1|0
601898|434002812|44080|1|0
707832|831008635|102621|1|0
803277|385095447|43177|1|0
809889|434002159|43205|1|0
809910|434002762|44107|1|0
1000129|687002056|43300|1|0
1000245|601029211|102611|1|0
1007191|881003481|49007|1|0
1016681|385003359|102753|1|0
1017523|510085624|102905|1|0
1021329|385021828|102756|1|0
1022296|831032732|102837|1|0
1160264|831200719|102779|1|0
1200743|583067958|105034|1|0
1202252|510041000|105033|1|0
1585280|831017730|102656|1|0
1810411|881003485|45051|1|0
1925863|908062004|102924|1|0
2001492|583032987|46047|1|0
2010198|225002108|43243|1|0
2015709|225002287|42027|1|0
2020801|908039365|102869|1|0
2021195|831138921|104980|1|0
2076845|303002402|47035|1|0
2116632|831026888|102713|1|0
2126248|390002012|46071|1|0
2154413|650042914|102861|1|0
2164890|831036903|102553|1|0
2182316|831030780|102797|1|0
2192793|831060722|104982|1|0
2200749|547003554|102521|1|0
2209368|831019958|102547|1|0
2246114|434002789|44154|1|0
2298433|385087569|102843|1|0
2463603|385089953|102856|1|0
2561572|385019637|102755|1|0
3004182|547117033|105079|1|0
3010027|831034193|102736|1|0
3010516|225002200|45053|1|0
3013959|601075019|105028|1|0
3039411|434003090|45003|1|0
3152817|434002638|48011|1|0
3153132|831038116|102603|1|0
3154739|583046103|102524|1|0
3172890|831030622|102568|1|0
3175867|152027902|102824|1|0
3182432|703058652|102793|1|0
3183660|831017519|102539|1|0
3185218|831017541|102540|1|0
3186963|831200294|102605|1|0
3229808|908056202|45037|1|0
3229814|406003149|42104|1|0
3240204|881002155|43198|1|0
3305095|831217731|104741|1|0
3452392|152002850|102822|1|0
3453484|703003864|102693|1|0
3785108|152009504|102787|1|0
4000395|82002104|41034|1|0
4004943|539002134|48103|1|0
4005263|602002995|46014|1|0
4005268|225002471|45034|1|0
4005270|225002315|48005|1|0
4005447|599002318|48025|1|0
4005714|772002002|46028|1|0
4013347|152016790|102849|1|0
4019332|703054880|105149|1|0
4025178|831009898|104974|1|0
4041084|434003147|43259|1|0
4066716|434003188|44249|1|0
4073831|599002267|42009|1|0
4117020|831058222|49017|1|0
4117027|602002992|102594|1|0
4196222|831036181|102601|1|0
4219827|831035868|102600|1|0
4221323|831073669|102529|1|0
4221359|703063431|102591|1|0
4237625|601026994|44098|1|0
4264063|535002432|102609|1|0
4802397|831035430|102597|1|0
5013612|754002236|42112|1|0
5037037|933002113|44233|1|0
5050843|406002866|104779|1|0
5202238|831070441|102805|1|0
5213205|152031590|41042|1|0
5354377|831030808|102569|1|0
5473747|601075636|105076|1|0
5708819|434003412|48052|1|0
5711689|406002153|43135|1|0
5815566|831075493|102573|1|0
5817992|831032673|102798|1|0
5819832|831032895|102571|1|0
5822093|908010356|102809|1|0
5823275|831014357|102766|1|0
6000069|434003287|44131|1|0
6000075|198010637|49008|1|0
6000755|853002067|44243|1|0
6007655|831005711|102616|1|0
6007705|831020880|102548|1|0
6033274|831024788|104572|1|0
6033300|831018700|102543|1|0
6038621|202002693|102587|1|0
6047092|831018541|102542|1|0
6049209|583002858|102561|1|0
6065012|804002922|102862|1|0
6066774|831006420|102618|1|0
6083610|385087588|102576|1|0
6101451|152025087|102876|1|0
6129994|119002114|102886|1|0
6134102|897002466|49028|1|0
6158572|434002603|48007|1|0
6709364|434002855|44214|1|0
6800764|385059693|102688|1|0
6801036|601032219|105133|1|0
7001878|824002308|105025|1|0
7001880|393002111|105134|1|0
7002107|908036694|104268|1|0
7018367|385042649|104418|1|0
7019720|323002019|44112|1|0
7022224|406002742|102705|1|0
7022789|831032840|102730|1|0
7026565|434003290|48089|1|0
7026695|152003212|46038|1|0
7043552|831002732|102866|1|0
7050529|152027166|102534|1|0
7066651|703005825|104816|1|0
7079142|831029903|102796|1|0
7098279|602003000|46024|1|0
7098299|703014938|43171|1|0
7098375|434002758|44241|1|0
7098393|434002837|44102|1|0
7098411|447002680|43280|1|0
7103080|434002381|45011|1|0
7117798|434002152|43264|1|0
7117832|824002413|45204|1|0
7117835|406003448|44122|1|0
7120896|434002107|43286|1|0
7305704|434002026|41043|1|0
7611627|152010265|102516|1|0
8001415|385084616|102575|1|0
8003787|434003194|48054|1|0
8007252|406003115|104708|1|0
8009039|434002498|102560|1|0
8010193|915002147|104707|1|0
8010728|831035402|104485|1|0
8010757|198030944|104812|1|0
8011646|831025698|104579|1|0
8011684|152025289|102686|1|0
8011759|434003224|46016|1|0
8011790|831037706|104538|1|0
8012181|601048720|104897|1|0
8014111|510002168|104342|1|0
8014183|171002433|104408|1|0
8014254|303002938|104736|1|0
8021751|434002766|44165|1|0
8028532|831011420|102910|1|0
8060134|152010136|102678|1|0
8061314|434002463|45040|1|0
8071171|434002479|45206|1|0
8071328|434002561|42065|1|0
8071395|599002155|45127|1|0
8071407|698002646|44242|1|0
8078887|434003257|46045|1|0
8078892|434002910|43172|1|0
8082830|303004297|102644|1|0
8111092|457002130|102536|1|0
8112365|908017982|104562|1|0
8119293|831037533|104540|1|0
8150507|152010258|104481|1|0
8153293|434002370|102535|1|0
8153324|831003692|104215|1|0
8153388|385008454|104336|1|0
8155088|385006436|104327|1|0
8158266|547016455|104568|1|0
8160520|831027469|102564|1|0
8161375|831227269|102624|1|0
8165271|385066180|104870|1|0
8174790|583079187|104820|1|0
8175486|152037444|104157|1|0
8178775|831031351|104744|1|0
8179147|908046486|102533|1|0
8180328|583002331|102523|1|0
8180527|385043437|104415|1|0
8182368|831018389|104570|1|0
8184721|831070839|104479|1|0
8185130|152036009|104907|1|0
8185267|897002493|102531|1|0
8186585|831008604|102808|1|0
8186619|510064273|104229|1|0
8186628|831024672|104567|1|0
8186635|583003559|104726|1|0
8186639|831019714|104583|1|0
8186644|831017510|102538|1|0
8186981|385043384|104407|1|0
8187075|831029768|102565|1|0
8192546|703002444|104412|1|0
8193536|703032444|104478|1|0
8194226|510017800|104896|1|0
8195189|385071561|104864|1|0
8195205|231002305|104770|1|0
8195579|703021704|104722|1|0
8195659|147002243|104905|1|0
8195791|583078789|104619|1|0
8196939|385064222|104872|1|0
8197561|547060351|104621|1|0
8199344|831018783|104578|1|0
8358855|406004510|42013|1|0
8358863|198043369|46066|1|0
8359220|714002266|102527|1|0
8376439|456002236|102871|1|0
8393164|434002619|48145|1|0
8471429|406003274|104701|1|0
8472218|703046903|104769|1|0
8543944|385057585|104863|1|0
9000896|831007945|104152|1|0
9001056|202002680|102592|1|0
9003844|831047795|104307|1|0
9004831|152008602|104305|1|0
9006290|385043750|104422|1|0
9006655|524002140|104297|1|0
9006688|385022490|104346|1|0
9007123|602002228|43291|1|0
9007415|385043144|104969|1|0
9007553|703038012|104284|1|0
9008586|385080202|104909|1|0
9009139|703032356|104775|1|0
9011469|583078548|104895|1|0
9014601|703050007|104316|1|0
9016006|831237695|104874|1|0
9016227|583002155|43272|1|0
9016635|547065524|104334|1|0
9016649|831068823|104296|1|0
9016763|385026115|104337|1|0
9017479|692002472|104860|1|0
9017940|547090723|104539|1|0
9018623|598028946|104833|1|0
9018628|831197430|104705|1|0
9019422|610002546|105016|1|0
9022152|650131278|104411|1|0
9029309|522002179|102581|1|0
9033233|831023716|105088|1|0
9033647|831005175|102614|1|0
9033661|703004823|104231|1|0
9047717|694002186|104903|1|0
9047718|834002290|104904|1|0
9053029|583078626|102525|1|0
9053556|147002253|104554|1|0
9053580|831017321|102537|1|0
9054178|799002269|104266|1|0
9054180|185002133|104265|1|0
9054635|303003120|104718|1|0
9054702|257002089|104911|1|0
9054775|831018662|104576|1|0
9054849|152018736|43263|1|0
9054891|897002525|104482|1|0
9056677|532002142|104866|1|0
9056699|862002212|104901|1|0
9056702|396002409|104899|1|0
9056703|516002205|104900|1|0
9056712|831024511|104557|1|0
9056795|703034599|104543|1|0
9061871|831094426|104287|1|0
9067369|152031615|104160|1|0
9076311|610002552|104869|1|0
9077270|434002142|43134|1|0
9077791|385095450|104906|1|0
9084783|831018690|104565|1|0
9097675|148063919|102513|1|0
9100862|831017323|102655|1|0
9102977|831002675|102784|1|0
9104289|831016559|102653|1|0
9105079|703046163|104153|1|0
9106451|385003130|102803|1|0
9116834|236002237|102864|1|0
9121173|583115763|104822|1|0
9121174|703071333|104819|1|0
9127374|831057978|104828|1|0
9144624|831033023|104723|1|0
9151000|547050958|105010|1|0
9151021|385068105|104852|1|0
9151525|385013765|105007|1|0
9155343|434003246|46068|1|0
9156883|804002066|102812|1|0
9156886|601050806|104324|1|0
9156894|152017153|104575|1|0
9156896|406003234|42044|1|0
9156908|831080702|104275|1|0
9156911|535002389|44147|1|0
9156923|152027326|43274|1|0
9156925|385026044|102759|1|0
9164777|406002957|104693|1|0
9175597|434002083|41020|1|0
9175603|406004529|49030|1|0
9179349|173002234|105094|1|0
9179352|601119299|104967|1|0
9183518|831058002|102700|1|0
9198574|703019372|102595|1|0
9200583|831169723|105096|1|0
9207686|831005226|41062|1|0
9210595|831026069|102712|1|0
9212084|599002754|48126|1|0
9217031|583003309|102647|1|0
9217035|703002442|104420|1|0
9217043|556002174|104300|1|0
9217968|599002304|48029|1|0
9218622|124002131|45151|1|0
9218627|152033346|105067|1|0
9218630|434003405|43283|1|0
9220228|881002387|45049|1|0
9221702|269002024|48053|1|0
9222055|442002101|42099|1|0
9223543|881003204|45104|1|0
9229896|225002090|43269|1|0
9233726|225002325|48027|1|0
9243873|881002564|42042|1|0
9244133|583053592|105000|1|0
9261754|225002568|46053|1|0
9330536|152031906|102789|1|0
9901576|201002155|44151|1|0
10005340|831019944|102546|1|0
10005671|152016809|102608|1|0
10015162|191235491|105086|1|0
10017738|385089873|102747|1|0
10024825|831017271|102654|1|0
10037870|831008719|102622|1|0
10049581|831055679|102800|1|0
10050935|225002590|43288|1|0
10051732|703031739|102526|1|0
10052351|225002327|48048|1|0
10055289|583046960|44137|1|0
10057052|406004580|43292|1|0
10057053|225002560|44129|1|0
10057393|831032945|102838|1|0
10057976|152026400|102877|1|0
10060464|385088151|102855|1|0
10078836|434003198|48040|1|0
10119713|406003329|48135|1|0
10193393|799002302|102794|1|0
10194030|831055954|102801|1|0
11004840|152010508|102517|1|0
11017753|434002435|45193|1|0
11031726|831030614|102567|1|0
11059392|434002676|48055|1|0
11061533|999002103|44229|1|0
11065515|881003439|48044|1|0
11066431|881003500|42035|1|0
11079807|434002458|45086|1|0
11089367|831024863|102875|1|0
11091170|434002890|43212|1|0
11094368|698002770|102590|1|0
11098575|385096758|102579|1|0
11124381|225002331|48021|1|0
11124388|406002594|45030|1|0
11124401|434002833|44128|1|0
11146835|225002330|48001|1|0
11148901|434003400|41027|1|0
11525414|152025024|102556|1|0
12001691|385096008|102578|1|0
12004493|831030734|102723|1|0
12018113|434002132|43138|1|0
12022699|434002082|41015|1|0
12054619|831012990|102863|1|0
12060336|434002500|42024|1|0
40002971|499002094|44100|1|0
81021933|434002814|44033|1|0
81800459|191124002|104154|1|0
87552181|406002182|43200|1|0
89821317|434002919|43155|1|0
89821347|599002151|45199|1|0
90000483|602002654|48130|1|0
90004940|434002173|47006|1|0
90223503|434002529|42041|1|0
90501197|434003120|44024|1|0
90753221|434002477|45196|1|0
91000788|599002661|45159|1|0
91001601|635002012|44056|1|0
91228802|225002566|47015|1|0
92000418|434002756|44047|1|0
92002057|225002385|44073|1|0
92002070|599002198|45091|1|0
92016260|599002014|41009|1|0
92551571|434003220|46001|1|0
93000086|434002258|47013|1|0
93000515|434003215|46013|1|0
93001280|602002795|44053|1|0
93001400|406003533|44057|1|0
93765437|434002816|44141|1|0
94000227|434002790|44022|1|0
94000259|392002002|44006|1|0
94000566|225002376|44209|1|0
94000707|434003247|46075|1|0
94000847|434002492|47004|1|0
94000994|434002777|44142|1|0
94001753|434002874|44013|1|0
94033255|434002044|41007|1|0
94034413|434002456|45092|1|0
95000084|434003288|45101|1|0
95000247|607002006|44058|1|0
95000801|434002908|43158|1|0
95001152|434002866|44064|1|0
95001214|406004626|43129|1|0
95025128|434003281|42025|1|0
95508371|434002161|43294|1|0
96001291|434003324|48036|1|0
96001341|583026128|43160|1|0
96001423|303003915|48045|1|0
96001478|434002483|45008|1|0
96001911|406003464|44081|1|0
96001926|434003387|44002|1|0
96001956|434002827|44063|1|0
96002193|225002373|44026|1|0
96002207|434002670|48134|1|0
96002219|525002002|45072|1|0
96002230|434003136|44007|1|0
96002348|406003536|44065|1|0
96002364|434002851|44075|1|0
96002400|599002504|43148|1|0
96002496|434003126|43162|1|0
96002571|434002720|44152|1|0
96003880|434002445|45084|1|0
96091851|434002819|44121|1|0
96128183|434002275|47019|1|0
96133959|225002228|45041|1|0
96146264|434003104|44145|1|0
96146459|599002238|42028|1|0
96146493|406004559|43163|1|0
96146495|434002917|43164|1|0
96152005|434002786|44027|1|0
96162851|303004236|45140|1|0
96165820|831038489|48129|1|0
96171206|434003132|42072|1|0
96178402|406003769|43165|1|0
96181056|406003805|43166|1|0
96196393|434003180|45067|1|0
96201621|434002834|44095|1|0
96211046|434002867|44099|1|0
96211050|406003500|44090|1|0
96525087|831045963|102528|1|0
96526293|434003270|48032|1|0
96526344|434002027|41021|1|0
96533073|434002742|44096|1|0
97000133|434003072|45095|1|0
97000157|818002011|44204|1|0
97000220|434003148|44087|1|0
97000503|434002634|48131|1|0
97000515|406004105|42002|1|0
97000657|434003106|48004|1|0
97000676|406003465|44021|1|0
97000687|434002829|44059|1|0
97001317|434002802|44016|1|0
97001326|640002007|44045|1|0
97001503|406003506|44005|1|0
97001509|225002480|45179|1|0
97002063|417002116|45105|1|0
97002162|434002193|46023|1|0
97002178|434002578|48121|1|0
97002321|434002469|45201|1|0
97002506|596002077|41059|1|0
97005837|434003197|47018|1|0
97012993|225002498|45137|1|0
97014893|225002261|42063|1|0
97032886|636002005|46027|1|0
97033969|225002291|42066|1|0
97229079|881002575|42124|1|0
97229319|434002850|44118|1|0
97229797|518002166|44124|1|0
97232786|406004048|42048|1|0
97279202|547082992|42049|1|0
97287286|434002265|47030|1|0
97294361|547060608|44086|1|0
97301120|434002129|43141|1|0
97330618|602002848|44094|1|0
97355958|969002020|41012|1|0
97356040|434002104|43249|1|0
97357612|434003297|41037|1|0
97386524|434002260|47016|1|0
97387109|831199271|102530|1|0
97395585|908067707|43128|1|0
97395588|831232714|43251|1|0
97439381|831057380|102699|1|0
97444373|434002620|48050|1|0
97538977|602002105|43169|1|0
97571154|225002249|45052|1|0
97571161|434002110|43146|1|0
98000170|225002364|44017|1|0
98000650|434002629|48014|1|0
98000654|434002717|48056|1|0
98031480|831184339|102623|1|0
98803760|121387486|46031|1|0
98809382|434002111|43256|1|0
98809392|434003332|43142|1|0
98813181|434002391|45024|1|0
98813280|535002355|102788|1|0
98820147|434002195|46079|1|0
99000003|547025171|44236|1|0
99000341|434002770|44208|1|0
99000429|406004558|43173|1|0
99000448|406003479|44238|1|0
99006454|152020405|41026|1|0
99006848|596002291|43174|1|0
99008146|969002866|41035|1|0
99034352|406004129|41051|1|0
99500201|434003417|45158|1|0
99804377|225002163|47008|1|0
99804719|434002134|43246|1|0
99807101|434003069|41023|1|0
99808603|225002172|47007|1|0
99808698|406003739|102807|1|0
99818464|547054301|48030|1|0
99824124|406003034|42004|1|0
99824153|201002151|44117|1|0
99824188|881002581|42069|1|0
99824189|406004033|43252|1|0
99824230|434002267|47005|1|0
900010120|434003398|48123|1|0
930014181|602002766|44246|1|0
945000730|599002706|46074|1|0
970006790|434002731|44114|1|0
973225441|242002029|48019|1|0
975000149|599002642|44062|1|0
6412061813|225002219|45197|1|0
000000005X|225002213|45162|1|0
00012593A |225002571|43265|1|0
00040301A |881002407|45032|1|0
00048686A |434002914|43150|1|0
00064482B |522002033|41054|1|0
01000264A |225002319|48020|1|0
01812796A |434002522|42116|1|0
02HB02337|152028077|102825|1|0
02W030506 |908003259|43152|1|0
03004741A |434003330|44136|1|0
04073833A |434003436|48095|1|0
04200719A |434003314|45142|1|0
06071805C |599002071|47017|1|0
06098118A |535002385|44119|1|0
07120780A |434002602|48138|1|0
07LU118128|831036834|102551|1|0
08064709A |434003133|42022|1|0
08066259A |406003446|44161|1|0
08LU147682|703062916|104480|1|0
08QL00977A|434003212|46057|1|0
09LU011357|596002090|41047|1|0
09LU054179|226002293|104264|1|0
09LU11513|385093698|104893|1|0
09XF269302|599003117|47010|1|0
10066862A |406003005|42012|1|0
11BU105364|152025071|102685|1|0
11BU109611|583078444|41060|1|0
11HX065499|434003349|43167|1|0
11JB030150|198018345|43295|1|0
11JC130515|602003113|47021|1|0
11JC149479|152034597|42126|1|0
11KE148911|434002684|48074|1|0
11LU031357|831019927|102545|1|0
11XF130359|434002773|44088|1|0
11XF146848A |434003303|44055|1|0
11XH065354|881003285|43266|1|0
11XH151886|434002782|44020|1|0
11XL065204|434002665|48070|1|0
11XL145802|599002154|45093|1|0
12bu033135|152032094|102887|1|0
12BU048308|385042869|102859|1|0
12BU076272|831212976|102884|1|0
12BU087795|831002048|102612|1|0
12FX114994|583022003|45207|1|0
12HX022121|434003260|42056|1|0
12JB023395|908048276|49027|1|0
12KC018067|434003438|42037|1|0
12KC018078|434003346|42131|1|0
12KC022669|881002024|43290|1|0
12KC061389|698002735|41028|1|0
12KC061447|198027465|41031|1|0
12KC061459|152009247|41056|1|0
12KC122570|434002032|41039|1|0
12KD027220|434002140|43297|1|0
12KD057868|553002082|42021|1|0
12KE007411|599002813|43254|1|0
12KE007413|434003259|42033|1|0
12KE060326|583099828|44000|1|0
12KE075463|453002014|44149|1|0
12LU001809|831009324|102867|1|0
12LU004183|447002137|102580|1|0
12LU014146|406004047|102689|1|0
12LU014959|583025666|102865|1|0
12LU019094|831019840|102544|1|0
12LU019159|198022171|102858|1|0
12ma251396|831027000|102714|1|0
12XF012510A |434002899|43170|1|0
12XF115002|225002280|42039|1|0
12XH014107|406004768|48031|1|0
12XH057597|225002326|48037|1|0
12XH057602|225002230|45010|1|0
13BU007155|295002122|104859|1|0
13BU065219|385049426|102860|1|0
13bu069254|453002137|104053|1|0
13JB056714|698002694|42014|1|0
13KC038329|703019473|46033|1|0
13KC038394|583075249|48010|1|0
13KC108933|510024913|46004|1|0
13KD039981|434003285|41014|1|0
13KD112665|434002856|44092|1|0
13KE078196|804002937|42040|1|0
13KE097934|406004628|42059|1|0
13KE131207|434002873|44103|1|0
13KE131216|434003418|44218|1|0
13KE131217|434003427|46072|1|0
13ma226977|908003183|102814|1|0
13XF027236|434003429|44031|1|0
13XF036085|596002225|43156|1|0
13XF072422|410002005|104989|1|0
13XH027337|225002272|42030|1|0
13XH027338|599002928|44228|1|0
13XH088294|152003203|46011|1|0
13XH109622|434003310|44115|1|0
14BU013288|831172562|104095|1|0
14BU045511|831003049|102785|1|0
14BU045512|831103365|102775|1|0
14bu077070|831134495|102776|1|0
14BU077094|152008934|104036|1|0
14BU077095|831146260|102778|1|0
14bu077096|831140260|102777|1|0
14bu084502|385054618|102878|1|0
14bu085250|560002020|102768|1|0
14bu085251|703008017|102926|1|0
14BU090098|831234608|104037|1|0
14bu090634|583003726|104047|1|0
14bu091625|831012827|102633|1|0
14bu091626|831038656|102773|1|0
14bu093421|831055147|104098|1|0
14BU097763|583035096|102629|1|0
14JB021664|385017498|102767|1|0
14jb047256|831039687|102774|1|0
14JB055655|703069253|104031|1|0
14jb057111|355002004|102848|1|0
14jb065975|640115604|102906|1|0
14JB066069|831054713|104131|1|0
14JB066078|831025933|102711|1|0
14JB066112|385058659|102830|1|0
14JB066114|703003913|102694|1|0
14JB066119|152025057|102823|1|0
14JB066124|547121760|102934|1|0
14jb066192|831030102|104009|1|0
14JB066223|831022941|103998|1|0
14JB066505|406003142|102708|1|0
14kc138101|547016771|102850|1|0
14KD026787|152017710|104038|1|0
14kd026798|881003495|102703|1|0
14KD030315|198034603|104133|1|0
14KE091951|831038616|104150|1|0
14KE136864|583078960|104075|1|0
14KE137793|385059706|104032|1|0
14KE137824|406002743|104077|1|0
14M242200|831036505|102771|1|0
14m344001|831012299|102922|1|0
14ma008487|385040134|104056|1|0
14ma036279|831027210|102834|1|0
14ma188904|831027211|102835|1|0
14MA211825|831076984|104068|1|0
14MA211826|385038497|104061|1|0
14MA211828|385038043|104062|1|0
14MA212389|831019121|104002|1|0
14MA212391|831022950|102819|1|0
14MA212392|703032354|102891|1|0
14MA212475|831032081|102729|1|0
14MA212476|831031501|102836|1|0
14MA212477|703003925|102882|1|0
14MA212478|152035394|102826|1|0
14MA212499|385019251|102916|1|0
14MA212500|385019448|102917|1|0
14MA212501|385018836|102847|1|0
14MA212502|908014161|102911|1|0
14MA212503|385090513|102903|1|0
14ma217596|601004347|104146|1|0
14ma218305|831025820|102833|1|0
14ma220082|831037857|102669|1|0
14MA223159|831033162|102839|1|0
14MA223160|831031982|102728|1|0
14MA223172|385084694|102743|1|0
14MA223173|831033307|102733|1|0
14ma233274|831033816|102735|1|0
14XF013215|875002271|44222|1|0
15bu009511|831229716|102675|1|0
15bu009512|831037813|102821|1|0
15BU009551|583105011|102630|1|0
15bu011742|831211538|102930|1|0
15BU015974|385034683|102760|1|0
15BU015975|385022575|102758|1|0
15BU015976|385047409|102920|1|0
15BU015977|385028835|102918|1|0
15bu015999|385022121|102757|1|0
15bu016000|385009102|102754|1|0
15bu016001|385086989|102745|1|0
15bu016003|831138862|102928|1|0
15BU016699|198014819|104122|1|0
15BU019089|831024412|102667|1|0
15bu019091|547011255|102646|1|0
15BU019094|152025016|102683|1|0
15BU019095|385026994|102627|1|0
15BU019096|385022427|102626|1|0
15BU019097|831206699|102635|1|0
15BU019098|303002762|102643|1|0
15bu019130|601070864|102890|1|0
15bu019131|831027918|102717|1|0
15bu019132|831082431|102672|1|0
15bu019133|831033617|102734|1|0
15bu019182|831143551|104074|1|0
15BU019205|831022195|102666|1|0
15BU019210|583126932|104003|1|0
15bu019212|831190418|104110|1|0
15bu019314|152025579|102639|1|0
15bu019315|831031347|102725|1|0
15bu019316|601073116|102648|1|0
15bu019317|406003038|102707|1|0
15bu019334|406003256|102709|1|0
15bu019335|831002106|102782|1|0
15bu019336|831027380|102715|1|0
15bu019337|831002661|102783|1|0
15bu020223|831141815|102936|1|0
15bu022494|121508197|102898|1|0
15bu025236|831025970|102892|1|0
15bu025426|908048241|102704|1|0
15bu025428|831019498|102659|1|0
15bu025429|831077517|102895|1|0
15BU025430|152010929|102679|1|0
15bu027010|510051461|102817|1|0
15BU027011|406004330|102645|1|0
15BU027012|908047675|102842|1|0
15bu027014|703018602|102695|1|0
15bu027023|581002788|102889|1|0
15bu027024|202002713|102641|1|0
15bu031450|152016948|102899|1|0
15bu031451|385082914|102741|1|0
15bu031522|385041629|102764|1|0
15bu031524|121031019|102913|1|0
15bu031525|908064175|102638|1|0
15bu031526|385037862|102762|1|0
15bu031548|385089037|102902|1|0
15bu031549|385088191|102746|1|0
15bu031550|152016949|102900|1|0
15bu031551|740002153|102908|1|0
15bu031698|385018549|102915|1|0
15bu031699|385035743|102761|1|0
15BU031701|385044577|102919|1|0
15bu032652|831195469|102673|1|0
15bu032653|510079916|102933|1|0
15bu032654|831016387|102652|1|0
15bu032655|583002459|102872|1|0
15bu032656|831042919|102670|1|0
15bu032717|831056347|102698|1|0
15bu032718|583016413|102691|1|0
15bu032719|831247790|102676|1|0
15bu032720|583018287|102692|1|0
15bu032870|831234033|102702|1|0
15BU033590|831055145|104099|1|0
15BU034253|510095174|102628|1|0
15bu034254|831095528|102634|1|0
15bu034256|636002083|102632|1|0
15bu038692|831117715|104010|1|0
15BU038695|152013446|102680|1|0
15BU038696|831021133|102665|1|0
15BU038699|831018488|102657|1|0
15BU038700|831031324|102724|1|0
15BU038701|831076859|102701|1|0
15bu038742|191160320|102640|1|0
15BU038774|219002099|104094|1|0
15BU038775|831238357|104033|1|0
15BU038799|385085334|102744|1|0
15BU038800|831031662|102727|1|0
15BU038801|385014246|104064|1|0
15BU046718|831018872|103990|1|0
15BU047703|385036091|104058|1|0
15BU047704|385018425|104066|1|0
15BU047706|601108566|104055|1|0
15BU047707|831196652|103992|1|0
15BU047708|602002083|104080|1|0
15BU047709|385024599|104028|1|0
15BU047711|831036712|104147|1|0
15BU047733|831067881|104102|1|0
15BU047734|385012196|104026|1|0
15BU047735|385084104|104084|1|0
15BU047757|831066398|104082|1|0
15BU047758|385054184|102827|1|0
15BU047761|152017707|104044|1|0
15BU048450|385018421|104065|1|0
15BU048467|831066722|102737|1|0
15BU048468|510050749|102921|1|0
15BU048469|831032854|102731|1|0
15BU048470|385080345|102740|1|0
15BU048471|510093008|102888|1|0
15BU051912|583012354|104048|1|0
15BU053903|385054303|104045|1|0
15BU053905|385054244|104073|1|0
15bu19129|831011315|102909|1|0
15jb002072|831038975|102927|1|0
15jb014539|831054690|102883|1|0
15JB014556|198003529|104135|1|0
15JB026508|831031560|102726|1|0
15JB026510|831055574|102750|1|0
15jb026514|831027494|102716|1|0
15JB026521|831029994|102718|1|0
15jb026524|703031587|102907|1|0
15jb026525|152024380|102901|1|0
15JB032468|831245179|104142|1|0
15JB032496|406004753|104088|1|0
15JB032497|152025020|104013|1|0
15jb032525|323002011|104140|1|0
15jb032554|583078489|104128|1|0
15JB046220|831234146|104118|1|0
15JC027236|303004307|103996|1|0
15JC027253|385096194|104104|1|0
15JC027255|406003742|104123|1|0
15jc027434|385017249|104069|1|0
15jc035952|831021102|102874|1|0
15JC035959|602002524|102765|1|0
15jc035966|831020078|102873|1|0
15jc035967|152002182|102738|1|0
15jc036007|152009461|102914|1|0
15JC036023|385084540|104085|1|0
15JC036030|152030530|102931|1|0
15JX002034|602002131|102649|1|0
15JX002038|703047955|102650|1|0
15jx002047|406002798|102706|1|0
15JX002071|831057363|102671|1|0
15JX002082|831012382|102923|1|0
15jx002097|831249664|102885|1|0
15JX008117|385068794|104039|1|0
15jx008119|831030325|104079|1|0
15jx013269|152017550|104127|1|0
15kc015522|303002396|102752|1|0
15ke023888|831018365|103995|1|0
15KE023897|583026212|104012|1|0
15MA006872|831222222|102852|1|0
15ma026844|703063380|102769|1|0
15ma027902|908033266|102637|1|0
15ma028841|831006037|104130|1|0
15MA031237|385095713|104103|1|0
15MA058417|831018703|102818|1|0
15MA058991|831021974|102851|1|0
15MA059072|649002072|102881|1|0
15MA059074|601031689|104126|1|0
15MA059094|385055045|102828|1|0
15ma086259|703018157|102811|1|0
15MA086260|198013758|102625|1|0
15ma087181|831030140|102719|1|0
15MA087681|583130861|102879|1|0
15MA087684|385055623|102829|1|0
15MA091192|703046968|102710|1|0
15MA091194|831030639|102722|1|0
15MA091613|583002814|102690|1|0
15MA091615|152002433|102870|1|0
15ma092202|385059719|104007|1|0
15MA092295|831177385|104011|1|0
15MA096925|831056511|102751|1|0
15MA108121|831147585|103988|1|0
15MA108122|583121713|104086|1|0
15MA108123|385096896|102904|1|0
15MA108124|831004826|104125|1|0
15MA108125|831043132|104054|1|0
15MA108536|831056370|104100|1|0
15ma108538|831031126|104018|1|0
15MA108540|703062646|104043|1|0
15ma111556|831029881|104019|1|0
15ma112279|831033635|104017|1|0
15MA112295|703002385|102844|1|0
15MA112296|831062016|102893|1|0
15MA112297|831038748|104076|1|0
15ma112879|831030485|104078|1|0
15ma112881|831178148|104020|1|0
15MA118215|152007277|104052|1|0
15MA118216|385083192|104089|1|0
15MA118217|601107667|104049|1|0
15XF003526|881002361|103999|1|0
15xf023684|881002161|104093|1|0
90012692A|434003144|46029|1|0
93000674A|434003250|46009|1|0
93002652#|599002692|47031|1|0
95016171 1|406002196|43287|1|0
95026609A|434002443|45046|1|0
96000681A|225002197|45194|1|0
96001535 A|406003059|42034|1|0
96002116B|434003369|43127|1|0
96002594A|434002821|44043|1|0
96133208A|602002805|44105|1|0
97002064A|434002350|45195|1|0
97003520A|602002738|44239|1|0
97W037797|602002901|47036|1|0
99000199A|225002716|41002|1|0
99003474A|434002409|45116|1|0
99006840A|406004594|41018|1|0
99824385B|434003402|44160|1|0
MC000140|434002803|44068|1|0
MC000991|599002742|43175|1|0
MC001754|434002764|44207|1|0
MC016766|434002775|44070|1|0
MC016803|602002786|44210|1|0
5214|208002003|101652|1|0
5268|225002618|100496|1|0
18995|406004396|101482|1|0
30723|602003035|101691|1|0
30777|406004120|101421|1|0
40118|881003448|101520|1|0
40305|703003435|103824|1|0
40706|119002180|101245|1|0
363887|703060886|100720|1|0
501509|891002012|103947|1|0
502173|908046916|102355|1|0
502194|654002013|103966|1|0
502572|831178186|100987|1|0
502589|703055107|100792|1|0
502665|406002055|100269|1|0
502700|599002875|101646|1|0
528718|406002527|101046|1|0
585292|303003139|103899|1|0
803286|406003989|102086|1|0
803293|599002917|100532|1|0
803354|881003025|102304|1|0
809644|406004117|103802|1|0
901176|793002086|100788|1|0
1000077|925002014|100308|1|0
1000105|969002051|100941|1|0
1000148|434002877|100568|1|0
1000192|406004737|100397|1|0
1000226|152016851|102255|1|0
1000486|225002618|100486|1|0
1000575|831252201|100365|1|0
1000621|703026592|100985|1|0
1015761|599002866|101261|1|0
1025004|406003403|101798|1|0
1028193|831235568|102245|1|0
1157877|303002474|102041|1|0
1165864|831026137|102333|1|0
1183688|599002995|102164|1|0
1195947|510037170|101615|1|0
1200756|406002884|102057|1|0
1202184|303005088|100293|1|0
1515658|881002039|103852|1|0
1616459|225002618|100505|1|0
1711537|908055183|100404|1|0
1711539|583016488|100400|1|0
1711540|583042910|100401|1|0
1810412|831187639|101145|1|0
1812790|808002008|101708|1|0
1812795|703038957|101401|1|0
1814027|547075673|101538|1|0
1902149|152024840|103921|1|0
1902229|236002017|100429|1|0
2000027|583045435|101863|1|0
2000037|434003512|100315|1|0
2000870|601003906|102022|1|0
2000902|583026260|101877|1|0
2001050|406004019|102006|1|0
2001574|831249132|100351|1|0
2001589|969002505|100390|1|0
2002581|908071406|101083|1|0
2012972|359002025|101069|1|0
2021302|703070684|101891|1|0
2021626|303002955|100384|1|0
2055736|831212087|102337|1|0
2069099|547041615|100791|1|0
2076836|547016484|101186|1|0
2076845|303002402|101566|1|0
2080314|831016414|102243|1|0
2176602|303003972|102048|1|0
2181346|583002215|102322|1|0
2184713|969002176|100272|1|0
2187936|350002011|101659|1|0
2207216|359002020|102107|1|0
2211202|434003499|101092|1|0
2211403|219002030|101973|1|0
2212096|543002006|102128|1|0
2213413|406004619|103839|1|0
3001652|225002321|100535|1|0
3004746|547044678|101585|1|0
3011138|599002881|102400|1|0
3014218|303003199|100341|1|0
3019069|406003887|101926|1|0
3039418|152033799|101314|1|0
3039424|303003529|100292|1|0
3082153|969002085|100389|1|0
3087914|118002177|102213|1|0
3143706|434002712|100816|1|0
3152647|881002253|101002|1|0
3153047|406004502|102065|1|0
3162053|510089818|101982|1|0
3165706|406003580|101105|1|0
3185653|152003321|102348|1|0
3202748|583088953|103792|1|0
3305121|831029891|101759|1|0
3305132|28002011|101799|1|0
4005053|510023757|102231|1|0
4005252|698002730|101214|1|0
4005432|225002618|100502|1|0
4005578|602002670|101523|1|0
4005607|219002035|100995|1|0
4005608|831074233|101212|1|0
4005716|599002156|101436|1|0
4019561|743002010|102138|1|0
4028704|152021534|101579|1|0
4028707|881002373|101997|1|0
4028716|303003595|100281|1|0
4041726|303002865|101735|1|0
4041742|202002476|101811|1|0
4041746|303004731|100357|1|0
4055909|152002643|103860|1|0
4055973|796002173|103944|1|0
4058921|152024751|103957|1|0
4066702|547060702|102375|1|0
4066713|687002004|100296|1|0
4066736|547021024|101815|1|0
4073835|406004639|101348|1|0
4077881|303002358|103862|1|0
4117041|513002007|100363|1|0
4117060|225002618|100501|1|0
4119931|596002065|102379|1|0
4119942|303003599|100273|1|0
4155615|520002087|101185|1|0
4196201|406004012|102062|1|0
4209026|406004614|100393|1|0
4215112|152009679|101821|1|0
4219147|406004609|100410|1|0
4219158|640065125|101993|1|0
4237507|881003178|103982|1|0
4237604|698002697|102273|1|0
4237630|547060162|103832|1|0
4243104|602002081|101782|1|0
4243204|198030559|101763|1|0
4243250|596002232|100573|1|0
4264077|556002051|101683|1|0
4801095|719002034|100626|1|0
4801870|601025937|101842|1|0
4804667|406004110|100432|1|0
4805557|152009688|102309|1|0
4808772|121518830|101958|1|0
4811461|434003649|102215|1|0
4813990|152032813|100868|1|0
4916213|522002147|100597|1|0
5026105|602002067|102476|1|0
5028714|406004652|100412|1|0
5028716|406004003|100369|1|0
5028735|225002618|100500|1|0
5028744|434002395|101171|1|0
5028757|601056454|101991|1|0
5034216|628002009|101375|1|0
5034301|202002451|101823|1|0
5034322|434002598|101216|1|0
5037038|943002137|103973|1|0
5038024|685002006|102136|1|0
5052304|61002001|102288|1|0
5060012|406003226|102014|1|0
5060099|303004679|102052|1|0
5129016|670002010|101945|1|0
5129038|908050620|102000|1|0
5129046|596002111|101199|1|0
5148902|152024843|100302|1|0
5148961|881002568|103783|1|0
5149311|406004448|100294|1|0
5162304|152011064|101961|1|0
5162337|152002890|101820|1|0
5162345|385002002|100637|1|0
5165719|583092814|100895|1|0
5191217|547081136|102298|1|0
5191248|908022066|101358|1|0
5202224|703003360|103979|1|0
5708822|881003128|101819|1|0
5800507|406004006|102061|1|0
5805372|908066466|100830|1|0
5805755|406004406|101644|1|0
5807035|674002121|103970|1|0
5816589|406004422|100354|1|0
5818257|881003157|100402|1|0
5818282|385021656|101176|1|0
5821429|767002006|100333|1|0
5821825|434003639|102453|1|0
5823282|303004750|100431|1|0
5824227|602002242|101849|1|0
5824382|703021175|101834|1|0
5824595|406004511|102506|1|0
5827537|596002659|101603|1|0
5827951|703061710|101784|1|0
6005318|535002457|100865|1|0
6005343|434002659|101160|1|0
6005343|636002006|102133|1|0
6008155|314002116|102202|1|0
6011892|406003885|100423|1|0
6022409|547082039|101861|1|0
6022421|152017290|100612|1|0
6022461|831224745|101500|1|0
6022463|152017397|100352|1|0
6022467|152002465|102195|1|0
6049620|831006236|102330|1|0
6050094|908048042|102223|1|0
6050204|547060423|101771|1|0
6055355|831048890|102335|1|0
6064829|219002032|101974|1|0
6065637|152017288|101638|1|0
6065650|406002255|101642|1|0
6082306|888002114|101835|1|0
6101997|337002112|100350|1|0
6122911|326002564|102293|1|0
6122917|430002003|101371|1|0
6122930|908062287|100581|1|0
6134052|707002253|103986|1|0
6153550|583026267|101560|1|0
6153571|777002005|101384|1|0
6153577|703025625|101890|1|0
6153672|406002729|102204|1|0
6184804|596002066|100559|1|0
6433292|547125807|102447|1|0
6553669|406004744|103896|1|0
6565008|219002112|103848|1|0
6575741|831178433|103929|1|0
6800167|225002618|100513|1|0
6800762|583080613|100358|1|0
6804062|198022591|102395|1|0
6819344|831058448|101830|1|0
7003395|590002002|100364|1|0
7003988|219002054|101978|1|0
7004031|881002570|101307|1|0
7008042|303002830|102178|1|0
7008140|831227781|102339|1|0
7009352|703063868|101852|1|0
7009764|583104948|102359|1|0
7009771|303003851|102408|1|0
7009840|966002158|102402|1|0
7011480|406004034|102444|1|0
7014052|385077299|101600|1|0
7015137|873002039|101082|1|0
7015862|152014588|100337|1|0
7019214|831013271|102397|1|0
7019341|530002251|103815|1|0
7019978|583005121|101985|1|0
7020637|910002151|100376|1|0
7022256|583025523|102299|1|0
7022592|225002600|103904|1|0
7026675|303002769|101502|1|0
7052157|152014588|100338|1|0
7059528|698002503|101362|1|0
7068321|152017482|101302|1|0
7074298|690002005|102137|1|0
7074397|152002766|100276|1|0
7086281|303003212|101744|1|0
7095429|583028448|101588|1|0
7098355|434003447|101942|1|0
7098431|406002210|102054|1|0
7100966|583031256|100604|1|0
7101769|406002624|101315|1|0
7101777|953002331|100956|1|0
7103034|225002618|100518|1|0
7103084|831012356|101776|1|0
7103097|688002028|103952|1|0
7103101|152003176|100686|1|0
7103105|152032823|100822|1|0
7107950|881002584|100579|1|0
7107984|881003146|101892|1|0
7107987|716002266|101165|1|0
7108059|881003253|101357|1|0
7108063|967002016|100366|1|0
7111295|703048298|102380|1|0
7112407|583109420|101990|1|0
7117791|406004446|100399|1|0
7117796|651002110|101397|1|0
7117818|303003538|100278|1|0
7118383|583027405|101601|1|0
7120772|831058462|101831|1|0
7120876|945002186|100914|1|0
7120935|406003675|100639|1|0
7122104|434003619|101415|1|0
7125996|924002034|101336|1|0
7130300|406003966|101132|1|0
7130303|696002241|102239|1|0
7130671|406003734|102059|1|0
7130684|599002962|100762|1|0
7435358|826002013|102141|1|0
7435362|831056249|101778|1|0
7611640|406003925|101091|1|0
8003554|650033340|100824|1|0
8005796|152034027|102384|1|0
8006667|152003652|101533|1|0
8007246|152014588|100336|1|0
8008255|406003220|102207|1|0
8008318|152024640|102197|1|0
8009040|881002470|100602|1|0
8009665|834002300|100335|1|0
8009707|522002146|100596|1|0
8010390|385084498|103953|1|0
8011060|152021059|102311|1|0
8011837|831025844|102332|1|0
8013390|225002321|100534|1|0
8013920|406003835|100286|1|0
8014395|303002892|101350|1|0
8016361|385021753|102470|1|0
8017198|303002073|102251|1|0
8017224|230002259|102210|1|0
8021935|406004556|101107|1|0
8022996|831012387|101402|1|0
8027032|729002331|101271|1|0
8040596|225002607|103968|1|0
8060790|583026075|101587|1|0
8060808|601027310|100874|1|0
8061318|583002836|101828|1|0
8068893|505002007|100647|1|0
8071361|950002084|100267|1|0
8071374|182002385|102226|1|0
8071387|434003619|101416|1|0
8071391|225002633|100756|1|0
8071535|406002393|100924|1|0
8077577|547016404|101847|1|0
8078900|601062918|103954|1|0
8078901|940002074|100693|1|0
8078912|881003015|100355|1|0
8078924|908062678|100748|1|0
8081573|307002033|102161|1|0
8081700|596002612|101602|1|0
8082187|152012863|101781|1|0
8090333|790002093|101608|1|0
8093834|406003831|101047|1|0
8098394|522002171|101629|1|0
8098750|522002074|101620|1|0
8118736|946002354|102194|1|0
8162167|198023749|102315|1|0
8175208|831222230|101341|1|0
8180157|152011107|101963|1|0
8185875|286002186|101269|1|0
8193781|270002123|101598|1|0
8196941|831039239|100344|1|0
8197673|583025879|102324|1|0
8199366|881002394|100736|1|0
8199582|219002041|101975|1|0
8351738|303004827|100346|1|0
8358878|881003078|101156|1|0
8376466|739002080|101266|1|0
8376467|434003460|100570|1|0
8391627|881003140|101417|1|0
8393163|602002551|101031|1|0
8393194|789002390|102140|1|0
8393209|467002706|102090|1|0
8393220|470003794|101457|1|0
8393236|432002312|103984|1|0
8393259|919002194|100598|1|0
8396957|303003681|101641|1|0
8407336|726002267|100854|1|0
8407396|354002243|101766|1|0
8407397|599002962|100761|1|0
8438055|343002394|101902|1|0
8484962|681002422|100289|1|0
8484992|908009843|102073|1|0
8543915|406002212|102505|1|0
8545887|831057472|102415|1|0
8727166|302002392|100673|1|0
8731864|146002143|101222|1|0
8876451|426002205|101826|1|0
9001057|225002321|100533|1|0
9004899|406002259|101643|1|0
9007411|908008642|101057|1|0
9008088|703061701|102266|1|0
9008096|303002401|101639|1|0
9008135|303002970|101736|1|0
9008210|406003343|101072|1|0
9008211|303003203|102372|1|0
9009246|406003844|100275|1|0
9009436|556002086|101684|1|0
9009539|198018106|100764|1|0
9010926|406004059|100927|1|0
9015949|385010760|101767|1|0
9018854|558002004|102366|1|0
9022740|969002162|101956|1|0
9022883|152017708|101087|1|0
9026313|385100977|102358|1|0
9029086|881003467|100580|1|0
9046743|198031876|101858|1|0
9053581|831246309|100692|1|0
9054844|406004572|102373|1|0
9055972|406003928|102162|1|0
9056652|547004953|102318|1|0
9063210|152025250|101359|1|0
9063227|303004525|101474|1|0
9067333|434002411|101118|1|0
9075617|406002714|100408|1|0
9078697|249002308|101289|1|0
9087119|881003199|102283|1|0
9099058|583081188|101864|1|0
9099170|152025718|101609|1|0
9099774|522002141|100595|1|0
9100784|831219792|101853|1|0
9100787|303002979|100407|1|0
9103000|198013667|101360|1|0
9152253|385021734|101550|1|0
9156871|303004602|102051|1|0
9156881|434003204|101558|1|0
9159234|796002240|102511|1|0
9164781|599003072|102271|1|0
9175544|999002004|101394|1|0
9175546|881003401|102088|1|0
9175547|583028586|101318|1|0
9175554|567002160|100833|1|0
9175575|255002013|101472|1|0
9175591|303002372|100697|1|0
9198546|547090672|100553|1|0
9198568|599003039|100527|1|0
9198587|792002042|100783|1|0
9198595|510065013|101141|1|0
9198596|599003039|100526|1|0
9198625|873002046|102151|1|0
9207776|583104930|101292|1|0
9210581|303003031|100919|1|0
9212074|703003838|101833|1|0
9217177|382002223|102228|1|0
9217191|831025064|102011|1|0
9217671|609002330|101127|1|0
9217967|989002355|101061|1|0
9221691|191314453|102004|1|0
9222029|434002582|101506|1|0
9222039|262002005|101511|1|0
9222054|406002159|101353|1|0
9223505|235002006|101366|1|0
9223540|375002342|102436|1|0
9229166|225002677|101460|1|0
9229167|599002359|101355|1|0
9229168|875002001|100892|1|0
9229883|406003557|100617|1|0
9229888|225002600|102165|1|0
9229893|406002388|100616|1|0
9233146|303004953|101204|1|0
9233694|152003089|100685|1|0
9233697|235002014|100687|1|0
9233717|406004507|101489|1|0
9233723|602002575|101551|1|0
9233724|303002636|100688|1|0
9233727|896002254|101166|1|0
9237067|303003989|102102|1|0
9242208|434002056|101290|1|0
9243072|510104235|100796|1|0
9243076|597002124|101559|1|0
9243853|599002940|101220|1|0
9243884|434003657|101053|1|0
9244153|547082701|100767|1|0
9249033|196002132|101554|1|0
9250065|831026236|100826|1|0
9250079|881002365|101004|1|0
9253955|599002649|102420|1|0
9253956|565002005|101373|1|0
9253962|406004567|100678|1|0
9273713|610002571|102281|1|0
9275573|737002489|102071|1|0
9276115|831057447|101866|1|0
9276116|547103834|101862|1|0
9330405|589002419|102422|1|0
9330625|831034754|100780|1|0
9330636|881002517|100613|1|0
9502518|881003299|101418|1|0
9612767|406004625|102264|1|0
10000867|613002013|100405|1|0
10008647|563002004|102130|1|0
10014496|406004582|102087|1|0
10017584|152024383|101756|1|0
10019206|201002116|102184|1|0
10021185|152033671|102077|1|0
10030764|152028900|101856|1|0
10031988|583020430|102067|1|0
10037239|303003190|100340|1|0
10037713|881003378|101931|1|0
10040940|406004748|101086|1|0
10046330|406004393|101419|1|0
10046337|596002186|100288|1|0
10047075|225002618|100509|1|0
10050246|386002009|101665|1|0
10050563|385030703|102172|1|0
10050929|225002267|102376|1|0
10050940|406004089|101013|1|0
10053172|303003682|102043|1|0
10054996|599002194|101437|1|0
10055609|406002245|101104|1|0
10057046|406004597|101206|1|0
10058657|225002618|100506|1|0
10060441|303003643|101039|1|0
10070935|919002315|100582|1|0
10078843|303003959|101473|1|0
10086780|198030414|102353|1|0
10087625|198014677|102257|1|0
10093297|908057141|101438|1|0
10108230|873002011|102144|1|0
10163238|406004731|103895|1|0
10193461|927002363|102036|1|0
10193547|406002004|101045|1|0
10288262|679002091|101843|1|0
10288386|434002398|101172|1|0
11001675|831066787|102282|1|0
11001945|198021892|102039|1|0
11001967|703047794|102329|1|0
11004788|703034130|101265|1|0
11005949|303003792|102045|1|0
11008166|298002352|102250|1|0
11011016|225002609|101846|1|0
11013348|881002458|101277|1|0
11013480|152018164|103798|1|0
11014840|152017179|102310|1|0
11014848|152011068|101962|1|0
11014965|547002202|101323|1|0
11015560|908049276|101775|1|0
11016069|303002741|102099|1|0
11017755|654002057|100777|1|0
11024088|831012346|100334|1|0
11024956|406003952|103837|1|0
11026752|284002003|101228|1|0
11027989|303004488|100386|1|0
11029983|303003148|103910|1|0
11030739|599002863|100859|1|0
11030838|406003686|101950|1|0
11031297|703046841|100611|1|0
11031907|703038385|101935|1|0
11034159|599002962|101806|1|0
11038401|394002473|101425|1|0
11040432|303003569|103940|1|0
11040530|881003320|102343|1|0
11050795|602003116|103926|1|0
11057000|908047962|101033|1|0
11057021|152032274|103972|1|0
11057028|908003192|100307|1|0
11057047|374002008|103857|1|0
11058607|242002355|103884|1|0
11061527|648002308|101571|1|0
11065504|881002661|100746|1|0
11065516|599002919|101159|1|0
11071386|152018364|100821|1|0
11080065|406004550|103893|1|0
11080688|406004475|103891|1|0
11088809|152024759|100353|1|0
11088831|316002006|103879|1|0
11088847|406004624|101645|1|0
11088848|547002047|101030|1|0
11090617|572002002|101943|1|0
11090619|969002040|100940|1|0
11091189|908048986|102425|1|0
11091198|535002376|101303|1|0
11096176|881003512|102401|1|0
11096890|255002010|102096|1|0
11097578|406004367|102064|1|0
11102917|406004468|100370|1|0
11107322|225002600|103906|1|0
11109489|521002004|102122|1|0
11125710|583059727|103942|1|0
11125734|908032170|101113|1|0
11127182|406003404|100750|1|0
11133702|406003905|103870|1|0
11525539|831032742|100908|1|0
11525680|295002147|101840|1|0
11550321|596002685|101605|1|0
11875151|957002457|100377|1|0
12018136|434002289|101443|1|0
13052011|470003794|101456|1|0
20723380|406004664|100689|1|0
45001705|881003270|101403|1|0
45001934|152024411|101580|1|0
51493141|969002121|100349|1|0
64103171|435002001|103951|1|0
70039540|522002178|101630|1|0
87043560|198016893|102290|1|0
87550945|385069210|100548|1|0
89737127|881003173|103981|1|0
89822164|385015446|100314|1|0
89822447|908060031|101611|1|0
90500016|599002874|100715|1|0
91001722|225002192|101215|1|0
91501555|225002618|100498|1|0
92000418|434002756|101568|1|0
92001683|599002874|100714|1|0
92001849|908004367|101893|1|0
92002057|225002618|100492|1|0
92002075|219002017|103843|1|0
93500297|656002005|102134|1|0
93765445|359002014|100636|1|0
94000151|583105672|101817|1|0
94000158|831046333|101525|1|0
94000295|406003820|100285|1|0
94001034|434003210|102272|1|0
95000250|668002013|100659|1|0
95000294|881003123|100828|1|0
95000714|969002891|100778|1|0
95000810|382002024|101875|1|0
95000856|599003015|102191|1|0
95000894|599003039|100525|1|0
95001551|917002127|100414|1|0
95007704|406004635|100759|1|0
95008073|908017547|102424|1|0
95010175|908070014|103933|1|0
95010998|272002005|100848|1|0
95013733|599002844|101454|1|0
95015567|406004584|100618|1|0
95071431|881002986|101032|1|0
95071437|881002195|101325|1|0
95073351|272002005|100849|1|0
95081936|303004684|100627|1|0
95100457|152031889|102398|1|0
95500842|466002003|100646|1|0
95509430|881002391|101738|1|0
95512043|831038765|102410|1|0
96000353|881002231|100578|1|0
96000359|583030019|101987|1|0
96001272|608002008|101200|1|0
96001293|152011710|102416|1|0
96001322|601002636|100745|1|0
96001332|152011334|100819|1|0
96001350|550002011|100650|1|0
96001374|908062844|102249|1|0
96001442|599003039|100524|1|0
96001456|152017500|100301|1|0
96001465|434002652|101787|1|0
96001491|698002577|101168|1|0
96001523|881002402|101575|1|0
96001527|152025098|101633|1|0
96001541|583087612|101900|1|0
96001910|434003361|100599|1|0
96001911|406003464|101572|1|0
96002007|908047309|102248|1|0
96002018|881002224|101773|1|0
96002144|908033285|100829|1|0
96002156|303003648|101921|1|0
96002165|152017579|102295|1|0
96002168|881002847|100769|1|0
96002169|202002105|101968|1|0
96002171|406003797|100284|1|0
96002176|596002262|102093|1|0
96002191|406003457|100700|1|0
96002211|152032610|101582|1|0
96002224|434003280|101818|1|0
96002253|152009901|103819|1|0
96002271|583080926|101688|1|0
96002274|406004409|101730|1|0
96002314|599002874|100718|1|0
96002346|599002874|101755|1|0
96002351|152018228|101184|1|0
96002352|602002951|102238|1|0
96002361|964002003|101721|1|0
96002362|698002739|101574|1|0
96002426|152017481|100300|1|0
96002441|434002841|100643|1|0
96002453|556002158|100651|1|0
96002522|152002698|103818|1|0
96002534|152018504|101965|1|0
96002539|152002658|103817|1|0
96002556|556002376|100653|1|0
96007183|599002940|101219|1|0
96008216|225002509|100545|1|0
96094076|198031521|103789|1|0
96094636|881002255|100876|1|0
96107792|198020840|101300|1|0
96128175|326002564|101284|1|0
96128185|881003313|101253|1|0
96141581|225002698|101613|1|0
96147173|406004714|100620|1|0
96147177|964002226|100782|1|0
96151282|602002429|100845|1|0
96154010|599002962|101804|1|0
96154309|152024627|102196|1|0
96158522|323002010|101656|1|0
96158551|434002794|101263|1|0
96158552|521002003|101678|1|0
96158629|908046913|102354|1|0
96158648|152017460|103820|1|0
96158668|969002009|101393|1|0
96158669|831037412|102212|1|0
96161524|618002004|102386|1|0
96161547|881003023|101895|1|0
96161562|152018437|100867|1|0
96161579|202002006|101651|1|0
96162779|583078967|101514|1|0
96162781|406003683|100640|1|0
96162798|583079860|101790|1|0
96162810|225002618|100493|1|0
96162868|297002008|101367|1|0
96165567|406003400|101746|1|0
96165738|202002215|101971|1|0
96165747|583106754|101878|1|0
96165753|583079284|101816|1|0
96165773|724002001|101381|1|0
96167022|547040865|101187|1|0
96171116|943002012|102159|1|0
96171162|406004570|101492|1|0
96171171|881003071|100747|1|0
96171204|434002339|101426|1|0
96171214|434002711|100861|1|0
96171220|583079195|100730|1|0
96171221|152010725|100810|1|0
96178357|881003239|101753|1|0
96178363|152027740|102198|1|0
96178395|303003379|101728|1|0
96178404|824002013|101710|1|0
96178427|385068137|101812|1|0
96178435|434003096|100790|1|0
96180933|831065564|101867|1|0
96180937|406002473|101922|1|0
96180940|881002995|101194|1|0
96180969|152003037|101578|1|0
96181022|831056917|100768|1|0
96181025|659002016|100657|1|0
96191809|303004506|101796|1|0
96191817|889002008|100668|1|0
96191832|908062841|103827|1|0
96191839|406004404|101483|1|0
96191844|305002002|101067|1|0
96191853|406004415|100930|1|0
96196355|406002505|102081|1|0
96196357|152032464|101634|1|0
96196382|881002313|101003|1|0
96196394|831049692|101526|1|0
96196400|510066146|102458|1|0
96201615|152018215|101346|1|0
96202088|303002601|102441|1|0
96211048|602002449|103793|1|0
96211067|152025231|101581|1|0
96211083|152009465|101881|1|0
96289003|406004651|100371|1|0
96297196|303003030|103790|1|0
96500132|578002001|100654|1|0
96509175|831049095|102336|1|0
96517245|969002072|100942|1|0
96517250|583026000|101788|1|0
96521784|225002618|100491|1|0
96521809|275002006|101654|1|0
96521810|152019447|101732|1|0
96521838|599002874|101754|1|0
96525010|831039685|101792|1|0
96525016|152017537|103822|1|0
96526369|303003646|102100|1|0
96526824|281002004|102407|1|0
96526858|831049915|101027|1|0
96530814|547002693|102028|1|0
96530824|798002006|101844|1|0
96530850|152017479|103821|1|0
96531404|303004505|101795|1|0
96531438|583052189|102009|1|0
96531894|202002371|102279|1|0
96533093|406004460|101488|1|0
96820162|152011092|101810|1|0
97000103|547008714|102418|1|0
97000154|881003149|102024|1|0
97000179|357002007|100635|1|0
97000212|374002008|100321|1|0
97000350|602002585|101636|1|0
97000363|324002009|101657|1|0
97000445|385068198|101813|1|0
97000447|703032131|102241|1|0
97000464|406003408|100751|1|0
97000495|881002360|101175|1|0
97000518|881003152|103932|1|0
97000523|881003278|102342|1|0
97000528|698002757|101508|1|0
97000559|881002542|102208|1|0
97000591|303002344|101521|1|0
97000600|583052886|102234|1|0
97000608|881002220|101010|1|0
97000652|602002499|102423|1|0
97000659|583083151|101210|1|0
97000669|881002544|101155|1|0
97000683|881002310|101536|1|0
97000699|152017041|101882|1|0
97001332|908032750|102247|1|0
97001467|703041811|101429|1|0
97001532|547041749|101984|1|0
97001533|547083550|100695|1|0
97001610|316002009|103796|1|0
97001652|434002261|100317|1|0
97001653|881002318|103782|1|0
97002058|152002216|100842|1|0
97002072|406002588|100804|1|0
97002090|831055656|101829|1|0
97002196|198013631|101197|1|0
97002516|225002618|100488|1|0
97002861|843002010|100664|1|0
97002875|152002011|103785|1|0
97002885|583051822|102300|1|0
97006215|225002464|100802|1|0
97016010|198003609|102227|1|0
97033218|225002677|102434|1|0
97033227|225002618|100497|1|0
97033975|434002574|101140|1|0
97225027|152033545|101399|1|0
97225058|303003007|100698|1|0
97225080|152032735|101857|1|0
97225085|358002005|101068|1|0
97225507|881003221|100815|1|0
97229044|650045779|101150|1|0
97229046|602002783|101036|1|0
97229056|908003880|101869|1|0
97229075|152002468|101024|1|0
97229090|881003003|101786|1|0
97229101|406004270|101422|1|0
97229104|152009687|101306|1|0
97229127|406003192|101138|1|0
97229337|152008145|100818|1|0
97229355|908068905|100831|1|0
97229360|152025336|102403|1|0
97229376|152018503|101964|1|0
97229717|831035854|101111|1|0
97229767|152031653|102356|1|0
97229785|831233446|100870|1|0
97229787|663002004|100658|1|0
97229805|152032505|101850|1|0
97232666|500002005|101676|1|0
97232684|385037619|101312|1|0
97232700|385093560|102220|1|0
97232701|583052864|101264|1|0
97232718|881003041|102341|1|0
97232721|152003677|101960|1|0
97232723|583105714|101592|1|0
97232723|831065502|101593|1|0
97232746|658002011|101380|1|0
97232757|198002387|101025|1|0
97232790|881003235|100836|1|0
97236406|219002021|101972|1|0
97236457|601100396|100550|1|0
97236480|908062829|100552|1|0
97238424|434003639|101507|1|0
97269088|406004658|101267|1|0
97269090|881003359|101896|1|0
97273494|602002978|101221|1|0
97279518|602002872|102237|1|0
97283964|908048505|101596|1|0
97283968|406004076|101479|1|0
97283982|908033769|101594|1|0
97283998|152002926|101577|1|0
97284372|385019112|102229|1|0
97284382|583003432|102233|1|0
97284386|547002531|100823|1|0
97284404|831036145|102456|1|0
97287713|908061731|101115|1|0
97287754|908056767|101391|1|0
97287756|219002086|103781|1|0
97290664|225002605|101124|1|0
97294339|201002128|103931|1|0
97294342|831030519|101151|1|0
97294348|522002065|101618|1|0
97301104|831011262|102347|1|0
97301109|831036109|101510|1|0
97307367|599002962|101802|1|0
97314472|599002918|100841|1|0
97326422|406004523|101205|1|0
97330607|152025237|102381|1|0
97330610|406004541|101490|1|0
97330640|583026669|102440|1|0
97330662|958002008|101085|1|0
97330674|602002780|101562|1|0
97330698|602002447|101894|1|0
97350714|152003667|100992|1|0
97350765|648002019|102192|1|0
97350772|152002154|101324|1|0
97350786|510066884|102012|1|0
97350799|583105643|100680|1|0
97355914|601002057|102301|1|0
97355915|202002640|101249|1|0
97355989|876002003|102156|1|0
97355991|303004592|101475|1|0
97356000|406004074|101534|1|0
97356004|596002251|101524|1|0
97356013|908054022|100835|1|0
97356016|831055662|102244|1|0
97356030|547032650|100649|1|0
97356037|303004787|103959|1|0
97357680|945002010|100817|1|0
97357699|596002096|102259|1|0
97365934|908064422|100610|1|0
97373062|596002231|101752|1|0
97373067|583052782|101589|1|0
97373082|831035002|101509|1|0
97373151|583079083|101590|1|0
97373155|152011301|101836|1|0
97373157|303003237|101765|1|0
97373159|406004737|102938|1|0
97373196|698002742|101832|1|0
97373201|406003462|100701|1|0
97373227|406003120|101136|1|0
97373242|434002579|100566|1|0
97386487|556002038|101682|1|0
97386494|547003793|102232|1|0
97386498|434003649|102214|1|0
97386534|908032102|102467|1|0
97395518|434003639|102452|1|0
97395525|434002438|100997|1|0
97395547|547060680|101827|1|0
97395592|219002064|101824|1|0
97437073|385024155|102230|1|0
97444318|534002028|102297|1|0
97444350|152024408|101883|1|0
97444365|547040598|103787|1|0
97444395|880002010|101389|1|0
97444411|202002107|101969|1|0
97444417|385050769|101904|1|0
97444424|698002681|101887|1|0
97444462|881002056|101333|1|0
97444465|152009598|102166|1|0
97445102|804002061|102477|1|0
97450718|406004655|100394|1|0
97455620|406003109|101135|1|0
97465732|831084779|101065|1|0
97500251|225002677|101459|1|0
97502239|544002009|101001|1|0
97502952|881003391|102449|1|0
97514016|406004681|103804|1|0
97537853|303003246|101103|1|0
97538910|747002010|101077|1|0
97538960|462002007|101573|1|0
97539440|602003027|102305|1|0
97539458|385023350|103829|1|0
97539505|406003522|101498|1|0
97539514|603002006|102131|1|0
97539551|703063450|102504|1|0
97540991|303004507|101041|1|0
97541030|583002671|101423|1|0
97553860|198041069|102262|1|0
97553869|303003535|100274|1|0
97553870|406003833|103801|1|0
97553904|601008707|101899|1|0
97553945|152010197|101822|1|0
97571193|152018509|101966|1|0
97571519|406004515|101929|1|0
97571537|303002864|100918|1|0
97571594|908002722|102216|1|0
98000137|406003881|100774|1|0
98000164|152017800|102089|1|0
98000309|583125835|101063|1|0
98000554|601111856|102236|1|0
98000651|881002280|102391|1|0
98002807|881002040|100428|1|0
98018304|225002675|101557|1|0
98279239|278002012|100268|1|0
98309552|583041470|100375|1|0
98803762|831012075|102466|1|0
98803777|998002015|101724|1|0
98809248|303004842|100368|1|0
98809258|225002618|100495|1|0
98809261|703035255|102242|1|0
98809378|303003310|101794|1|0
98809385|379002000|101070|1|0
98809394|230002010|100631|1|0
98811573|303004171|101351|1|0
98811577|601029272|102235|1|0
98811746|547041334|101356|1|0
98811750|831232022|101181|1|0
98813043|873002031|102146|1|0
98813080|152002657|100297|1|0
98821104|152009445|101880|1|0
98823060|908063144|102177|1|0
98823070|374002008|103786|1|0
99003379|534002007|100648|1|0
99006564|385023498|102503|1|0
99007050|599002962|101805|1|0
99098938|356002044|101503|1|0
99099130|547020719|101316|1|0
99209084|225002607|103810|1|0
99500035|385103268|100887|1|0
99624519|225002600|103967|1|0
99807046|406004457|101487|1|0
99807062|385076336|101584|1|0
99807074|406004795|101495|1|0
99807075|406004092|101480|1|0
99807089|434002291|100728|1|0
99807115|873002048|102153|1|0
99808702|406004737|102937|1|0
99812094|406003993|102170|1|0
99812256|385003128|101529|1|0
99812286|602002508|100729|1|0
99812787|303003583|100280|1|0
99812798|535002282|101770|1|0
99812874|547020364|101198|1|0
99812883|198002013|101762|1|0
99814052|303004824|100417|1|0
99814056|225002714|101742|1|0
99814075|434002573|101139|1|0
99814079|248002080|100632|1|0
99814333|881003039|101152|1|0
99814351|354002019|101660|1|0
99825123|831119990|102206|1|0
121004144|583101361|100477|1|0
222002939|434002926|100473|1|0
297011083|831049864|100482|1|0
320002246|599003134|100480|1|0
341003699|406003696|100456|1|0
341003709|406003706|100458|1|0
341003741|406003737|100461|1|0
341003748|406003744|100462|1|0
341003755|406003751|100463|1|0
341003769|406003765|100465|1|0
341003783|406003779|100466|1|0
341003825|406003821|100468|1|0
399003762|908048047|100483|1|0
420024905|547002691|100475|1|0
525003398|510065099|100474|1|0
657002431|596002220|100478|1|0
657002437|596002222|100479|1|0
804002216|406003850|100470|1|0
817002141|969002151|100484|1|0
817002143|969002154|100485|1|0
885316030|625002002|103797|1|0
910012550|406002152|101478|1|0
911003710|152032319|100449|1|0
961363260|599003097|101225|1|0
970003552|303003550|100450|1|0
970003569|303003567|100451|1|0
970003573|303003571|100452|1|0
970003599|303003597|100454|1|0
970003603|303003602|100455|1|0
970015210|406002729|101149|1|0
970024670|414002003|101370|1|0
975001480|583079069|102471|1|0
988155161|522002082|101622|1|0
997326417|831047959|101179|1|0
998128170|550002016|102129|1|0
2006085249|326002564|101287|1|0
6142111827|881003381|100430|1|0
6411069952|881002478|101109|1|0
6442054908|831062509|101193|1|0
00000973A|225002602|102427|1|0
00LU502717|434002112|100789|1|0
01000746B|388002129|102421|1|0
01169473A|510106464|102280|1|0
01A821910|406004586|100392|1|0
02016363A|406003447|100675|1|0
02238513A|534002229|101167|1|0
03065609A|303003043|102186|1|0
03095393B|599003083|102270|1|0
03221436B|612002005|102265|1|0
03AA608414|666002637|103915|1|0
04219803A|270002092|100562|1|0
04A219876|556002165|101685|1|0
04PC082542|912002070|100316|1|0
05191230A|406004423|100378|1|0
05213210A|535002412|100806|1|0
05711685A|328002147|100958|1|0
05A202562|225002621|101411|1|0
06038706A|326002564|102291|1|0
06153623A|364002087|101369|1|0
06A16675|406003342|101923|1|0
06LU072292|831012073|101553|1|0
07009520A|216002281|100419|1|0
07098340A|225002618|100510|1|0
07098412A|406004737|100395|1|0
07118218X|303003184|100339|1|0
08061319A|225002222|100538|1|0
08066260B|599002949|101309|1|0
08405725A|585002021|100787|1|0
08K00934|804002051|101243|1|0
09028295X|406003894|102112|1|0
09214896A|827002018|103780|1|0
09243075X|225002607|103834|1|0
09261755A|434002590|101295|1|0
09M330357|303002997|100385|1|0
09QA01087|599002919|101158|1|0
09XF22230|584002005|101689|1|0
0P191276|406004486|103881|1|0
10046339X|434002991|100558|1|0
10078834A|225002320|101565|1|0
10QA01801|599002881|101404|1|0
10QA01809|225002703|100794|1|0
11127187X|152002699|101301|1|0
11A200247|305002141|101477|1|0
11A244404|827002690|100577|1|0
11A244518|703032169|101496|1|0
11BU100202|843002292|102412|1|0
11JB030001|831029372|102033|1|0
11JE113827|601018136|100331|1|0
11KC090568|152017894|102306|1|0
11KC090624|831048091|103897|1|0
11KD091130|800002161|103927|1|0
11LU013692|303002368|101743|1|0
11LU017396|385070896|101751|1|0
11LU030885|633002231|100574|1|0
11M550418|908047075|101837|1|0
11M550482|479002122|100978|1|0
11M806119|225002618|100503|1|0
11M806130|303004764|101043|1|0
11MA132253|406003743|100926|1|0
11MA203523|831009180|102175|1|0
11QA02348|406002205|100966|1|0
11XF127192|213002529|102307|1|0
11XF151073|231002092|101435|1|0
11XF151083|406003896|100805|1|0
11XL145805A|225002607|103909|1|0
12A034201|152011705|101294|1|0
12BU004700|518002017|102120|1|0
12BU007686|406004473|100433|1|0
12BU008374|152033732|101148|1|0
12BU013628|248002539|100398|1|0
12BU048071|831198413|100443|1|0
12BU048540|583002549|101142|1|0
12BU049798|404002130|101949|1|0
12BU060685|303003155|100902|1|0
12BU079733|152024431|101884|1|0
12BU081802|303003850|102013|1|0
12BU082459|359002019|102106|1|0
12BU088787|225002600|101098|1|0
12BU090481|225002600|103905|1|0
12BU090846|831068539|101868|1|0
12BU093075|406002359|100312|1|0
12BU095780|198039186|102167|1|0
12BU096193|406004412|101485|1|0
12BU099143|303004022|100327|1|0
12JB002240|364002171|103866|1|0
12JB002343|688002028|103858|1|0
12JB007663|303002872|103863|1|0
12JB011837|845002282|103877|1|0
12JB012052|831185695|100271|1|0
12JB012184|406002157|103867|1|0
12JB014606|152035734|101268|1|0
12JB014657|225002600|103901|1|0
12JB014752|547041285|103873|1|0
12JB034901|303002886|103864|1|0
12KC018101|406004737|100396|1|0
12KC018111|908017935|101845|1|0
12KC018945|152024858|103923|1|0
12KC022684|219002034|100994|1|0
12KC061343A|225002618|100507|1|0
12KC061493|406004533|100932|1|0
12KC094762|434003001|100569|1|0
12KC094824|152018815|103861|1|0
12KC122643|831006774|102303|1|0
12KC122655|547039822|100709|1|0
12KD027237|152013597|100755|1|0
12KD027247|406004530|103941|1|0
12KD057835|406004785|103840|1|0
12KD08801|881003508|100939|1|0
12KE007435|152004312|101029|1|0
12KE007465|602002769|101064|1|0
12KE031547|406003741|101925|1|0
12KE031572|908066121|102035|1|0
12KE031588|326002024|100634|1|0
12KE031592|330002002|100362|1|0
12KE031605|363002173|100795|1|0
12KE075480|105002237|100785|1|0
12KE104150|467002908|100812|1|0
12KE104154|434002823|100641|1|0
12KE104155|744002008|100661|1|0
12KE104162|881002349|101011|1|0
12KE104166|406003720|100889|1|0
12KE104183|602003045|100711|1|0
12KE104184|434003268|100708|1|0
12LU004238|881002041|101563|1|0
12LU009238|303003805|100421|1|0
12LU009518|266002018|102462|1|0
12LU010125|908049836|100713|1|0
12LU011323|303003685|102101|1|0
12LU011464|152016983|102025|1|0
12LU012248|303002890|100382|1|0
12LU013056|152004020|101747|1|0
12M084908|303003135|101134|1|0
12M114186|237002156|102200|1|0
12M114269|602002127|101606|1|0
12M114399|926002386|102075|1|0
12M435219|149002213|101901|1|0
12MA024802|831019170|100906|1|0
12MA034205|831015181|100442|1|0
12MA057649|703061905|102030|1|0
12MA251398|303002900|100383|1|0
12XF061962|599002884|101050|1|0
12XF061966|406004587|100619|1|0
12XF097060|303003236|101764|1|0
12XH114731|146002125|102435|1|0
13JB014215|385037614|100328|1|0
13BU002054|703049225|101094|1|0
13BU002921|152009349|102349|1|0
13BU009725|372002015|102109|1|0
13BU013325|969002156|101955|1|0
13BU024386|406002639|102082|1|0
13BU024989|835002005|101080|1|0
13BU035010|406004540|101839|1|0
13BU056130|406004359|100424|1|0
13BU060433|303004355|100416|1|0
13BU069341|303003930|101066|1|0
13BU070916|303003991|100367|1|0
13BU071274|729002074|100313|1|0
13BU078059|303004877|102103|1|0
13BU087214|380002152|101022|1|0
13BU112444|385096958|101119|1|0
13BU114178|152002376|102002|1|0
13JB004525|385021617|100311|1|0
13JB004544|303002845|100381|1|0
13JB004545|198043686|100380|1|0
13JB004596|831039874|100345|1|0
13JB004766|303003821|100422|1|0
13JB004781|385005395|100310|1|0
13JB005003|583079102|103874|1|0
13JB014227|599003082|100742|1|0
13JB023310|601031950|100387|1|0
13JB023317|601091478|100388|1|0
13JB046286|845002291|100938|1|0
13JB048108|406003227|103890|1|0
13JU010823|958002138|101398|1|0
13KC001576|406004678|100411|1|0
13KC001612|831018838|103875|1|0
13KC001645|406004128|100409|1|0
13KC001667|385042840|100329|1|0
13KC001669|303002393|100326|1|0
13KC038327|406004107|100928|1|0
13KC038330|406002112|100922|1|0
13KC038357|303003492|100920|1|0
13KC038419|152025925|100707|1|0
13KC070666|406002544|103889|1|0
13KC108906|406004469|100931|1|0
13KC108921|152019734|101203|1|0
13KC122601|831018903|100360|1|0
13KD024118|602002103|101610|1|0
13KD024125|303003843|103865|1|0
13KD024134|303003561|103939|1|0
13KD039945|152018823|101749|1|0
13KD112664|596002150|100710|1|0
13KD112683|777002007|103841|1|0
13KD112686|406003375|101924|1|0
13KE014923|434002706|100567|1|0
13KE014939|152003019|100704|1|0
13KE040856|152025874|100706|1|0
13KE040866|152006100|100705|1|0
13KE040894|547061214|101208|1|0
13KE058261|380002152|102017|1|0
13KE058281|881002655|101527|1|0
13KE078191|406002355|100923|1|0
13KE131205|434003067|100862|1|0
13KE131214|607002494|101340|1|0
13KE131227|522002228|101631|1|0
13LU005999|152017747|102256|1|0
13M011263|908054623|101919|1|0
13M047449|601101814|102327|1|0
13MA067875|303002352|100324|1|0
13MA226976|303002385|100325|1|0
13MA251400|303003692|100415|1|0
13XF027227|602003082|101304|1|0
13XF027232|383002014|101163|1|0
13XF036073|596002252|101164|1|0
13XF036074|201002121|101424|1|0
13XF036078|225002618|100514|1|0
13XF036081|602002800|103925|1|0
13XF072407A|599002949|101310|1|0
13XF090430|406004738|100935|1|0
13XF090434|599002104|101217|1|0
13XF102143|180002224|100872|1|0
13XF109660|969002122|100943|1|0
13XF109662|303003551|100279|1|0
13XF109666|732002432|100936|1|0
13XF109667|109002321|101466|1|0
13XF109672|434003610|101296|1|0
13XF129050|831230652|102267|1|0
13XH027334|599002884|101048|1|0
13XH061162|708002499|103930|1|0
13XH088295|861002011|101465|1|0
13XH088296|881002173|102463|1|0
13XK096223|410002004|100945|1|0
14BU022969|599003062|100438|1|0
14BU029242|225002600|103903|1|0
14BU030399|908035856|102438|1|0
14BU050610|881002983|100712|1|0
14JB010820|547002488|100572|1|0
14JB066250|385057642|103814|1|0
14JU000324|908003241|100290|1|0
14KC028823|303002558|101640|1|0
14KC028841|152032248|100303|1|0
14KC028885|156002138|101434|1|0
14KD013779|547008794|100837|1|0
14KD013794|631002005|101376|1|0
14KD048918|599003074|101549|1|0
14KD095393|583078938|103851|1|0
14KE014692|213002529|101311|1|0
14KE014703|219002058|100996|1|0
14KE014708|798002294|100758|1|0
14KE063681|49002016|103934|1|0
14KE136866|406003718|100459|1|0
14KE159534|406003754|100464|1|0
14KE159535|406003721|100460|1|0
14M011918|831022250|101995|1|0
14XF008570A|599003093|100884|1|0
14XF013213|523002148|101034|1|0
14XF013214|434003725|101414|1|0
14XF031202|602002435|100725|1|0
14XF094643|152003134|100356|1|0
14XH016291|599003039|100528|1|0
14XL128597|801002202|102370|1|0
88640444B|599002971|100975|1|0
89822567A|596002230|100873|1|0
93000516A|633002011|100860|1|0
95027411A|225002585|101126|1|0
96009578A|406004616|101493|1|0
97000524A|599002619|103828|1|0
97000603A|316002007|100361|1|0
97002199A|434003279|100775|1|0
97031034B|282002004|101569|1|0
98005456A|599002829|100898|1|0
98026094A|434003037|100857|1|0
990053720B|406004794|100832|1|0
G2238514|406004707|101801|1|0
MC000064|831080691|100551|1|0
MC001465|510086431|100305|1|0
